0.9993751448425655
0.0006143980055688459
0.9993752206265458
0.0006143980219951149
0.999375144843464
0.0006143988040662443
0.9993754484366596
0.0006063512588713794
0.9993754484397002
0.0006143988201122985
0.999375219727698
0.0006063512551133866
0.9993754885016202
0.0006063512762848265
0.9993752197293998
0.000614398817675154
0.9993754484440548
0.0006063512730799858
0.9993754484470958
0.0006143988337211949
0.9993751447949312
0.0006143971993682868
0.999375220552174
0.0006143972157957828
0.999375144795828
0.99750207252936
0.002333929789944481
0.9975033107688669
0.002333929843023212
0.9975020725331367
0.002333964003578852
0.9975069707116061
0.002212450721944929
0.9975069707238797
0.002333964049516656
0.9975032793308706
0.002212450631486391
0.9975076105642793
0.002212450689032709
0.9975032793378208
0.002333964004520439
0.9975069708108114
0.002212450657699131
0.9975069708230868
0.002333964050458298
0.9975020723674446
0.002333926600802108
0.9975033105659921
0.002333926653893249
0.9975020723712046
0.9943871327945987
0.004813828174891064
0.9943933948128647
0.004813829062702154
0.9943871328666066
0.004813919831548942
0.9944120703254173
0.004256094766779629
0.9944120700646191
0.004813919991630518
0.9943933486550012
0.004256093596210255
0.994415333564071
0.00425609278901698
0.9943933485561315
0.004813919719251466
0.99441207063656
0.00425609442769843
0.9944120704529666
0.004813919880991996
0.9943871325268039
0.004813821455956062
0.9943933946345777
0.004813822312787072
0.9943871325979349
0.9900406236724909
0.007559933075497915
0.9900608738407596
0.007559935094653887
0.9900406238560361
0.007560302554442006
0.9901200465779908
0.006026956489523597
0.9901200454426126
0.007560302658908752
0.9900603090227211
0.006026954723644214
0.9901300320801012
0.006026952315454874
0.9900603086435761
0.007560302301738027
0.990120047087199
0.006026955964163409
0.9901200462433464
0.007560302408422906
0.9900406233954094
0.007559922499225527
0.9900608739796495
0.007559924419594057
0.9900406235752125
0.984476660413089
0.01003147817860587
0.9845275038715506
0.01003148153109432
0.9844766607541983
0.01003246034154449
0.9846723677797291
0.006917797895231864
0.9846723656662213
0.01003246034570834
0.9845250325849355
0.006917807058508372
0.9846959114146214
0.006917802799536389
0.9845250317996699
0.01003246013001953
0.9846723680901067
0.006917797694524721
0.9846723666142656
0.01003246013719743
0.9844766602757942
0.01003146490731768
0.9845275045102497
0.01003146772947039
0.9844766606086661
0.9777143575847529
0.01175202565546152
0.9778226066798191
0.01175203046760378
0.97771435813083
0.0117533370649878
0.9781230011852281
0.006635895464949013
0.9781229982963469
0.01175333694593587
0.9778150898691056
0.006635960656888195
0.9781694736806384
0.006635954655259432
0.9778150885514261
0.01175333722598739
0.9781230004865625
0.006635896050466265
0.9781229986126855
0.01175333710924281
0.9777143577085803
0.01175201231788104
0.9778226076034831
0.01175201540351641
0.977714358240184
0.9697773093880935
0.0124048622596378
0.969982182058582
0.01240486853653802
0.9697773101877639
0.0124038680245591
0.9705363030414298
0.005298028900643656
0.9705362994876204
0.01240386778670947
0.9699637330164608
0.005298246782486024
0.9706167194695767
0.005298239439049343
0.9699637310407664
0.01240386878021267
0.9705363003382622
0.00529803009535581
0.9705362980813091
0.01240386853939879
0.9697773097680227
0.0124048520888731
0.9699821825486277
0.01240485446291667
0.9697773105449196
0.9606931073450123
0.01189297761267498
0.9610476768857401
0.01189298513946174
0.9606931084479776
0.01188203113556058
0.9619842156193463
0.003379412337310323
0.9619842111646295
0.01188203080927424
0.9610087485143514
0.003379900095900506
0.9621099616144867
0.003379892037317463
0.961008745757169
0.01188203237030193
0.9619842101810958
0.00337941341114513
0.9619842071240648
0.01188203203016582
0.9606931077789821
0.01189297318613113
0.9610476759381794
0.0118929738155524
0.960693108847711
0.9504925583122711
0.01035214693218541
0.9510642546127871
0.01035215518692069
0.9504925597692813
0.01031573315359541
0.9525431756300663
0.001540600779658003
0.9525431698939979
0.01031573278682136
0.9509911658860762
0.001541360490246038
0.9527251307212891
0.001541352706827433
0.9509911622277216
0.01031573444699124
0.9525431676333824
0.001540601209474787
0.9525431630631935
0.0103157340542542
0.9504925584008275
0.01035214923759934
0.9510642514208748
0.01035214733883493
0.9504925598063394
0.9392087611156252
0.008116332810351427
0.940078989878116
0.008116340976992653
0.9392087629785959
0.008029372439246714
0.9422916547656448
0.0003989549209355629
0.9422916477749993
0.008029372084807571
0.9399542674887957
0.00039961409336766
0.9425406546312706
0.0003996086978243217
0.9399542628151982
0.008029373349607467
0.9422916460287905
0.0003989549538120434
0.9422916390689575
0.008029372965674179
0.9392087603456927
0.008116341083332153
0.9400789843277496
0.008116336345547336
0.9392087621293604
0.9268762696127705
0.005644886754919723
0.9281394508960672
0.005644893864768257
0.9268762719348792
0.005473821555240911
0.9313089834935153
0.0003264498122261382
0.9313089763807382
0.005473821256430706
0.9279432507006961
0.0003259562124333273
0.9316382722294244
0.0003259587160090115
0.9279432449056522
0.00547382190749231
0.9313089780493264
0.0003264501670798553
0.9313089673375551
0.005473821597487323
0.9268762675004614
0.005644898956656876
0.9281394437855063
0.00564489164840482
0.9268762696981016
0.9135305693775991
0.003428489959491386
0.9152930125256479
0.003428495092721675
0.9135305722133448
0.003136409848183476
0.919675553028344
0.001340310516084154
0.9196755492170363
0.003136409622363875
0.915005631435903
0.001336785271125809
0.9201051839090157
0.001336810296993636
0.9150056244232611
0.003136409783960312
0.9196755574950981
0.001340311589293357
0.9196755400902522
0.003136409606746623
0.9135305656183663
0.00342850338698876
0.91529300536126
0.003428494416082592
0.913530568258574
0.8992080224735669
0.00189400488188532
0.9015870310774486
0.00189400731045822
0.8992080258791852
0.001450041916981708
0.9074739322208534
0.00311592596503451
0.9074739402316401
0.001450041733497579
0.9011921697979468
0.003106954359197249
0.9080362205346215
0.00310703487283142
0.9011921614515678
0.001450041690541764
0.9074739567997283
0.003115927480023311
0.9074739257504377
0.001450041698262538
0.8992080170476855
0.001894016443312347
0.9015870255140043
0.001894007509825237
0.8992080201500783
0.8839463166293433
0.001327159115786635
0.887069791874047
0.001327158307666986
0.8839463206655499
0.0007188677428279519
0.8947901226971373
0.005108261967028477
0.8947901578964841
0.0007188675202710879
0.8865578866002695
0.005091867047187941
0.8955345509198906
0.005092027828071898
0.8865578764274086
0.0007188674735101126
0.8947901820674569
0.005108263416661612
0.8947901234573495
0.0007188677272302834
0.8839463098342139
0.001327165054442413
0.887069789039326
0.001327159082174277
0.8839463134053976
0.8677853771815702
0.001826988126270882
0.87179201855588
0.001826983635390927
0.8677853819187388
0.001072893321423228
0.8817142378304477
0.006734018477292095
0.8817143059644863
0.001072893058425513
0.8711627537409179
0.0067102937826866
0.8827099569754608
0.006710435084932145
0.8711627412507911
0.001072893015003573
0.8817143374752197
0.006734019502292419
0.8817142416852199
0.00107289353694692
0.8677853695935046
0.001826983099031403
0.8717920185805601
0.0018269851914709
0.8677853736168415
0.850768537823656
0.003298613055115101
0.8558085752953202
0.003298604424788589
0.85076854334204
0.00245706022908834
0.8683401382210447
0.00755207940727497
0.868340222857241
0.002457060034342321
0.8550717309039435
0.007524653698085294
0.8696746513393685
0.007524692545590385
0.8550717178296554
0.002457060074513255
0.8683402569350591
0.007552080006780158
0.8683401404898616
0.002457060601478161
0.8507685302006101
0.003298588433166137
0.855808577239873
0.00329860759461426
0.8507685346293116
0.8329434678331378
0.005482908394980017
0.8391797288969556
0.005482895395849939
0.8329434742222024
0.004653213812877126
0.8547638395497896
0.007386658001916207
0.8547639144620613
0.004653213893120489
0.8383538484333519
0.007363623720543687
0.856537444046767
0.007363589645221431
0.8383538344432749
0.004653214222099154
0.8547639448790514
0.007386658562343574
0.8547638364092063
0.004653214411349671
0.8329434609928783
0.005482850355137739
0.8391797311272366
0.005482901374166151
0.8329434657375508
0.8143629126469359
0.00801457882427491
0.8219719531918053
0.00801456328220425
0.814362919938537
0.007327614643618209
0.841081293354174
0.006361273319225425
0.8410813307266979
0.007327615174869047
0.8210808208577245
0.006354843747709006
0.8433982307011828
0.006354773267599184
0.8210808054640176
0.007327616136331916
0.8410813519327293
0.00636127385666721
0.8410812812197255
0.007327615706908664
0.8143629073597205
0.008014471842234774
0.8219719539525538
0.00801457164819859
0.8143629121866799
0.795084952016708
0.01049544943484788
0.8042579613658071
0.01049544144373314
0.7950849595320507
0.01009291411339781
0.8273860847963213
0.004842114890772777
0.8273860588879346
0.01009291524866736
0.8033255007117273
0.004866146984001942
0.8303445869011448
0.00486606394054232
0.8033254836801229
0.01009291716215331
0.8273860665001277
0.004842114917306844
0.8273860628398666
0.01009291588530878
0.7950849488565684
0.0104953026998503
0.8042579578409996
0.01049544366371825
0.7950849527154895
0.7751726298788875
0.01256812800083359
0.7861158421683279
0.01256815327015229
0.7751726368222103
0.01257246025222058
0.8137676275159581
0.003316519912929907
0.8137675343254752
0.0125724621864803
0.7851605723642198
0.003382080648256023
0.8174516022593398
0.003382000758147749
0.7851605535534023
0.01257246511160702
0.8137675254703204
0.003316518276459617
0.8137676074733996
0.01257246280432233
0.7751726290143482
0.01256801238593166
0.7861158296971106
0.01256812485307786
0.7751726305751562
0.7546928832174509
0.01397647834017991
0.7676273645864748
0.01397656964866553
0.7546928929835167
0.01445615191347749
0.8003101893409433
0.002248134411675249
0.8003099829254325
0.01445615466603329
0.7666577024221337
0.00235807022633891
0.8047848342654184
0.002358002091312559
0.7666576816726973
0.01445615828908052
0.8003099900427746
0.002248135856247581
0.8003101053197207
0.01445615495854936
0.7546928844998656
0.01397647886498668
0.7676273401712814
0.01397647838782172
0.7546928866317613
0.7337147361864311
0.01460307978015935
0.7488755588724431
0.01460323639111566
0.7337147497511285
0.01554010195693328
0.7870920765682208
0.001951811174548687
0.7870917934368651
0.01554010534361519
0.747887025774141
0.002095935966255263
0.792405029160258
0.002095893871460119
0.7478870030726683
0.01554010905381286
0.7870917951324238
0.001951814121531441
0.7870919797870035
0.01554010496644828
0.7337147389596625
0.01460321671961453
0.7488755306443839
0.01460308281741582
0.7337147425236246
0.7123073641958159
0.01447948288151921
0.7299421462515151
0.01447968554839261
0.7123073808421457
0.0157462599613928
0.7741857963222184
0.002520209250873556
0.7741854582961749
0.01574626381020677
0.7289172984684542
0.002673078936220111
0.7803732844861625
0.002673074590914481
0.7289172737026626
0.01574626696817899
0.774185459683806
0.002520213895628795
0.7741857002359611
0.01574626242436067
0.7123073678555596
0.01447971995155368
0.7299421175643217
0.01447948817794818
0.7123073716307372
0.6905383145297261
0.01377010605160694
0.710905113190516
0.01377032582469279
0.6905383342193825
0.01512195382818905
0.7616580375998777
0.00381585866399862
0.7616576658636942
0.01512195801178217
0.7098163821926824
0.003938832411171886
0.7687548824744811
0.003938878848804795
0.7098163552472486
0.01512196017834448
0.7616576738405214
0.003815864944147633
0.7616579470530586
0.01512195547358461
0.6905383185869528
0.01377039418609621
0.7109050868605862
0.01377011266350019
0.6905383215391663
0.6684721458270898
0.01273502721265718
0.6918368795282284
0.01273523362390456
0.6684721690791315
0.01382232973211395
0.7495692872523805
0.005523385770059058
0.749568951913844
0.01382238759786559
0.6906522072075028
0.005571347654087101
0.7576232491040606
0.005571128151684986
0.69065214639551
0.0138223977619465
0.749569544573915
0.005523178668639068
0.7495708484052046
0.01382216555034247
0.6684721500563138
0.01273532070802606
0.6918368574908516
0.01273503421233294
0.6684721512609325
0.6461694810769566
0.01168014775736132
0.6728030920381317
0.01168031076527124
0.6461695083932262
0.0120807772947504
0.7379740114808501
0.007241114575918293
0.7379730581096997
0.01208100174733702
0.6714880408651911
0.007179473633206661
0.7470414141375514
0.007179502870657618
0.6714879273841134
0.01208285546090476
0.737963489583003
0.00724652168224642
0.7379663667927048
0.01208351627887549
0.646169484879365
0.01168040912766566
0.6728030743602432
0.01168015429382226
0.6461694840658386
0.623687325904237
0.01090438490984903
0.6538629628469934
0.01090447533417699
0.6236873576683629
0.01018019113878563
0.7269103440902709
0.008591486965006006
0.7269121166481636
0.01017719273527776
0.6524010858783564
0.008390829044622294
0.7371006167086145
0.008391170664823601
0.6524027109344535
0.01018445984902622
0.7269112767197771
0.0085910064500677
0.7269138315540643
0.01018735033292945
0.6236873315137713
0.01090458832347883
0.6538629498952114
0.010904391282018
0.6236873282061315
0.6010793944602704
0.01065287670071231
0.6350698729494466
0.01065288821488498
0.601079427989098
0.008411541922231754
0.7164373354540252
0.009300096471741208
0.7164386303495747
0.008405280289481776
0.6334638747197835
0.009003059130926454
0.7278653829693192
0.009003786987918014
0.6334658023205456
0.008429656703913451
0.71644110184958
0.009302442345967506
0.7164436986812671
0.008437686634017713
0.6010794100634896
0.01065300679590502
0.6350698632917451
0.01065288065612377
0.6010794080664849
0.5783978623035267
0.01108317546164597
0.6164737082848366
0.01108311489499088
0.5783978893339848
0.007052676079829387
0.7065755482299509
0.009287943225153044
0.7065762279309631
0.007041094929772441
0.6147408947335081
0.009002549768492591
0.7193905697032064
0.009005659625099223
0.6147430375572309
0.00709623919507989
0.7065824674186346
0.009302555227369483
0.7065853741184899
0.007112526201288391
0.5783979160225037
0.01108322607969798
0.6164737093811195
0.01108317247662933
0.5783979270063445
0.5556951739255116
0.01224844325516882
0.5981234645951218
0.01224832457473022
0.5556951774912378
0.006325544005143845
0.6973465913607546
0.008663999809391637
0.6973462449160038
0.006306885006257931
0.5962925423180125
0.008562214117451844
0.7117143352949062
0.008570357656907225
0.5962949310979324
0.006406039334186198
0.6973565430472926
0.008703572691610531
0.6973600245451875
0.006433426606979491
0.5556953322723023
0.01224841463921846
0.5981235167622448
0.01224842505669993
0.5556953810398055
0.5330256425117365
0.01409844234693629
0.5800697077330699
0.01409828526289394
0.5330255934962532
0.006376296075471827
0.6887655834162179
0.007690612919913326
0.6887638186459936
0.00634962529465949
0.5781749432155215
0.007976925684972713
0.7048578118475779
0.007992632302823065
0.5781774044882694
0.006502948858052471
0.6887781506480963
0.007767564642519511
0.6887824838058429
0.006543377389211942
0.5330260310009898
0.01409833615885067
0.5800699177998094
0.01409839321306505
0.5330261610148282
0.5104472130032511
0.01649622662976621
0.5623671244866499
0.01649605495870618
0.5104470675705421
0.007265229779480625
0.6808446924531671
0.006709932039271714
0.6808410894863937
0.007230803435241261
0.5604422041626781
0.007570842145527078
0.6988288830925062
0.007595662594429465
0.5604446507768348
0.007443191850122093
0.6808594018656124
0.006832670360047675
0.6808648936881004
0.007497136308579029
0.5104480359873935
0.0164960393524014
0.5623677023467292
0.01649611788930474
0.5104483140701597
0.4880223131585062
0.01924623461747984
0.5450758343018545
0.01924607473697576
0.4880220118470134
0.008968171423430392
0.6735966130675133
0.006056721880684398
0.6735907508894383
0.008927657390439377
0.5431495565292224
0.007603546894831312
0.6936278832639472
0.007637548611663755
0.5431518615618312
0.009197471938103515
0.6736129220613677
0.006226679427585497
0.6736199837380138
0.009263575589093607
0.4880238696432968
0.01924595013181618
0.5450771225355441
0.01924601850216204
0.4880243887701506
0.4658183653373071
0.02212843414521062
0.5282618780381162
0.02212831214705187
0.4658178310054012
0.01138788108698289
0.6670376390357469
0.005979049607457943
0.6670290563666273
0.01134442098027193
0.5263561441491211
0.00820182965079044
0.6892537269020266
0.008243383503564114
0.5263582789914667
0.01166300470083438
0.6670549980778039
0.006189188958061613
0.6670642586300068
0.01173796645191886
0.4658210579361757
0.02212801797016921
0.5282643650925765
0.02212803804769196
0.4658219336655162
0.4439070720938069
0.02493241051981607
0.5119960825027325
0.02493235122661548
0.4439062242557919
0.01437242540561818
0.6611889917598341
0.006584541824025494
0.6611773272011425
0.01433028922754064
0.5101265404407144
0.009333714894438662
0.6857079036160295
0.00937987962557367
0.5101284025587585
0.01468260164106398
0.6612068639937214
0.006819837627431753
0.6612189281961051
0.01476142436046938
0.4439114066945296
0.02493180658105575
0.5120003916139233
0.02493173816907394
0.4439127835572245
0.4223631682899468
0.02748682099243384
0.496351871962273
0.02748684589838205
0.422361920544401
0.01773747754392665
0.6560761956772108
0.007822123856448163
0.6560611540721147
0.01770183956926217
0.4945305170409998
0.01082919228171348
0.6829961698067322
0.01087620284865619
0.4945321888778553
0.01806769783453313
0.6560943473263743
0.008061720047163722
0.6561096093449762
0.01814410326910023
0.4223697428153235
0.02748595426220303
0.4963587241497699
0.02748575901645603
0.42237177769532
0.4012626740760164
0.02968082970552366
0.4814019928853409
0.02968095520563463
0.4012609471314272
0.02128932401117811
0.6517270282329937
0.009501087462862838
0.6517087604879701
0.02126595360154025
0.4796412712248818
0.01243818487315613
0.6811270315711406
0.01248245289685242
0.4796430021868704
0.02162196252929285
0.6517450510238045
0.009721905995408196
0.6517640591292753
0.02168886227222292
0.4012721563499263
0.02967961461747998
0.4814121469637955
0.02967925803631366
0.4012750105031319
0.3806809159995668
0.03147475340707249
0.46721512627379
0.03147499495121313
0.3806786502378034
0.02484645326817487
0.6481685357778542
0.01134085430670978
0.6481471942192835
0.02484081631489898
0.4655326293792853
0.01390779601215497
0.680108984774901
0.01394683004978819
0.4655345900245478
0.02516311955009039
0.648185885728964
0.01152171639520481
0.6482086223739308
0.02521323327419631
0.38069401241337
0.03147310335547224
0.4672293056401915
0.03147255978809065
0.3806978366791312
0.3606903032611363
0.0329000126003424
0.4538524061486642
0.03290038708425271
0.3606874718218104
0.02825730318297033
0.6454225840879956
0.0130386569977904
0.6453986245587672
0.02827430530642279
0.4522739919831458
0.01505616690785473
0.6799449193790732
0.01508874751669626
0.4522763139187893
0.02854043227070704
0.6454379943250707
0.01316441203787199
0.6454640310722704
0.02856705856817648
0.3607077197596967
0.03289785065484041
0.45387122556633
0.03289710733157575
0.3607126381491242
0.3413586358001999
0.03404949756923029
0.4413650570575841
0.03405001850739921
0.3413552576111906
0.03141274737742202
0.6435023663529088
0.01433902383657776
0.6434766456876779
0.0314561219613182
0.43992637569044
0.0158213840172624
0.680628796864691
0.01584768539994048
0.439929238449477
0.03164750786921795
0.6435140336977189
0.0144033983325938
0.643542521879459
0.03164512945767051
0.3413810354825054
0.03404676864174178
0.4413889632611571
0.03404582546231113
0.3413871282376006
0.3227475857468293
0.03506059458672976
0.4297928610068388
0.03506126540218797
0.3227437373026056
0.03425267683294028
0.6424100464800926
0.01508966601718426
0.6423834864846951
0.03432452238033998
0.4285386161364174
0.01627261572572105
0.6821427831982203
0.01629415759997306
0.4285420906991164
0.03442837859757304
0.642415371954432
0.01509645388602996
0.6424450457195729
0.03439305997870761
0.3227755480474246
0.03505727493803712
0.4298220992280439
0.03505614213343213
0.3227828356695285
0.3049123009072044
0.03609389865825664
0.419164654470935
0.03609471055607243
0.3049081249191082
0.03676712926068429
0.6421363629527338
0.01527243992515286
0.6421101926640753
0.0368676741361281
0.418145468272789
0.0165821459707249
0.6844575602276577
0.01660107391833184
0.4181495971715306
0.03687825496639497
0.6421318728466843
0.01523500573406339
0.6421611538285832
0.03680826936130051
0.3049462875283323
0.03608999980453065
0.4191992684198637
0.03608869603426047
0.3049547173332093
0.2879014679594624
0.03731067944647998
0.4094998844846942
0.03731161291020057
0.2878971777577143
0.03899205204336999
0.6426613355040997
0.01500365954799741
0.6426370092203338
0.03911966747348468
0.4087673070372453
0.01696676814568492
0.687534253521511
0.01698533399045055
0.4087720786618576
0.03903900655516755
0.6426429161013556
0.01494236894176948
0.6426698595085787
0.03893486684997112
0.2879417992562438
0.03730624714092678
0.4095397500361241
0.03730479835881692
0.2879512365431068
0.2717583872454885
0.03885203994271211
0.4008116912916141
0.0388530678669084
0.271754266486844
0.04100147731314967
0.6439569855906442
0.01450443736556961
0.6439360176202483
0.04115252678168842
0.4004116501922635
0.01761698693289674
0.6913282077601508
0.01763694293385729
0.4004169800869034
0.04099059911265265
0.6439199805090007
0.01444299817191905
0.643942420665403
0.04085519326995115
0.2718052324569337
0.03884715074829911
0.4008565767183234
0.03884558908677049
0.271815457095011
0.2565224506043721
0.04082201668007568
0.3931104036509993
0.040823107492519
0.2565188478051544
0.04289647355101727
0.6459899806152729
0.0140480447489589
0.6459739372632161
0.04306553693596823
0.3930756211906087
0.018634875825046
0.6957926731805684
0.01865710440170128
0.3930814340381037
0.04283963050605141
0.6459293874316898
0.01400906338477699
0.6459451165558515
0.04267817193277006
0.2565758331428963
0.04081677461228259
0.393160043439351
0.04081513685711263
0.2565865422273773
0.2422310550400847
0.04327617697890121
0.3864072040428207
0.04327729692707338
0.2422283731380648
0.04479275777876289
0.6487243149494635
0.01389596625960487
0.6487146632133471
0.04497292527536603
0.3867490721089408
0.01999939493028421
0.7008818819881727
0.02002385422412229
0.3867553137833167
0.04470656539150365
0.6486350626391754
0.0138968973053223
0.6486419716002546
0.04452625506449159
0.2422908727047511
0.04327071150174578
0.3864613709407137
0.04326903750399471
0.2423016894059669
0.228921421641994
0.04621637198486644
0.3807170019912886
0.04621748603443866
0.2289201031264111
0.0468077345096796
0.6521230390609737
0.01423638690512563
0.6521211107278786
0.04699101622795138
0.3814173932834382
0.02156964524364972
0.7065524239958096
0.02159554597113663
0.3814240936487849
0.04671248135787787
0.652000283550727
0.01428659406236529
0.6519964562836642
0.04652211966702964
0.2289874803712235
0.04621083767199607
0.3807755627944558
0.04620916945575307
0.2289979684715422
0.2166320924980625
0.04959156536987029
0.3760600773740113
0.04959263638820774
0.2166326008775531
0.04904819528493301
0.6561488413533452
0.0151386104955455
0.6561557104645694
0.04922597179585975
0.3770638048406105
0.02312585760817843
0.7127629109753295
0.02315211880410409
0.3770710303517513
0.04896634119302104
0.6559881806555445
0.01523801469496115
0.6559720568392877
0.0487757981789191
0.2167041512360717
0.04958614283958118
0.3761230217921072
0.04958452519152283
0.2167138346143216
0.2054040711341284
0.05330407681822215
0.3724625490071283
0.05330506315137751
0.2054068696103891
0.0515997836226782
0.6607639150461539
0.0165337606462115
0.6607804118883333
0.05176330383076437
0.3736713705179017
0.02443701022826422
0.7194726872249952
0.02446267443269926
0.3736792360639566
0.05155448215752687
0.6605617026268625
0.01667351986137489
0.660532073476585
0.05137418994154812
0.2054818947944013
0.05329897423441987
0.3725299867622901
0.05329745720642067
0.2054902809207132
0.1952810940057884
0.05722003538278336
0.36995505097013
0.0572208873697166
0.1952866223616441
0.05451861956729168
0.6659289580434318
0.01822635025650181
0.6659556048715679
0.05465954990292508
0.3712243523399593
0.0253347982594139
0.7266396157876687
0.02535939651699219
0.3712329915443105
0.05453218619722927
0.6656824366109813
0.01839130310043466
0.6656385875046976
0.05437247321926413
0.1953645109428579
0.05721548967823157
0.3700271789583079
0.05721413285953295
0.1953711173177514
0.1863091179544187
0.06118267668449842
0.3685700291473023
0.06118333308804681
0.1863177688632499
0.05782572379812145
0.6716017475959948
0.01993503344127827
0.6716388119371181
0.05793662572656852
0.3697091969007475
0.02577166103063556
0.7342181389211833
0.02579538577318565
0.3697187447211133
0.05791823335351094
0.6713092823358091
0.02010745359203842
0.6712508746007457
0.05778876058567168
0.1863980781997471
0.06117895374507097
0.3686470769804248
0.0611778314318374
0.1864024604102902
0.1785350699502214
0.06502703037197431
0.3683380931824973
0.06502741567095369
0.1785471660420251
0.06150466615229426
0.6777361417235582
0.0213543869332769
0.6777836630923044
0.06157941784133374
0.3691155209356946
0.02584410758080923
0.7421581751270923
0.02586769918594997
0.3691260852019136
0.06169272900036831
0.677397280088382
0.0215180965177368
0.6773243700215951
0.0616019118862054
0.1786297001415405
0.06502442353246238
0.3684202600186534
0.06502362921651879
0.1786314800217375
0.1720050004360935
0.06859460771592599
0.3692840176988103
0.06859463119892475
0.1720207736455314
0.06550238937058089
0.6842815646004037
0.0222244405395024
0.6843393822969641
0.06553654841357175
0.369437081442296
0.02577209725027181
0.7504052689159475
0.02579650412749856
0.3694487317969035
0.06579818868890791
0.683897117582613
0.02236845590297869
0.6838101206513832
0.0657527231816244
0.1721056512403863
0.06859343404010845
0.3693714150604622
0.0685930823160523
0.1721045433559379
0.1667618259574418
0.07174683370723475
0.3714229627734399
0.07174639096072054
0.1667814007805369
0.06973288983772102
0.6911832696262346
0.02239250707990183
0.691250966757999
0.06972397161221475
0.3706724718933636
0.02583815971444631
0.7589016796480939
0.02586418862191699
0.3706852889956976
0.07014368502138379
0.6907552020646841
0.02251337624695295
0.6906548298785973
0.07014821651903345
0.1668691079301501
0.07174742758789948
0.3715155764186633
0.07174765191985812
0.1668649424262734
0.1628429825069402
0.07437619546073418
0.3747575810817904
0.07437517259335535
0.1628663646062516
0.0740836788404132
0.6983829549881408
0.02185298093012705
0.6984600458529426
0.07403109803790094
0.3728252878141211
0.02630303681659736
0.7675881008656874
0.02633104570646686
0.3728393261318279
0.07461144615230336
0.6979143690952603
0.02195517664874224
0.697801552124758
0.07466838223788361
0.1629577867621308
0.07437889880042953
0.3748552601677857
0.07437984518863663
0.1629505269620354
0.1602784260026345
0.07641435892576791
0.3792767533615443
0.07641263957037026
0.1603054970134232
0.07842448198148814
0.7058202537358746
0.02075508680687403
0.7059061698602908
0.07832961557855447
0.3759033682648585
0.02732252839159042
0.7764056171487099
0.02735215367779358
0.3759186523977827
0.07906609760937801
0.7053152588522227
0.02084946789978227
0.7051910506852217
0.07917551629698319
0.1604019272420795
0.07641950821652473
0.3793792277700511
0.0764213255096252
0.1603916803095622
0.1590891263473142
0.07783662177564424
0.3849558511623865
0.07783409641013313
0.1591196456331776
0.08261750758844169
0.7134340844564881
0.0193749118300711
0.7135282747491829
0.08248346648073882
0.3799164132602704
0.02889119237556787
0.7852971691289612
0.02892142757084495
0.3799329297056827
0.08336524039297664
0.7128976178654776
0.01947558521438909
0.7127630826341449
0.08352504452686912
0.1592227675198587
0.07784453334480973
0.3850627703502493
0.07784736212067971
0.1592097869630005
0.1592863215839574
0.07866236348388272
0.3917585209042156
0.07865893984263281
0.1593199349031572
0.08652862392918689
0.7211638447570304
0.01805636932932836
0.7212657900807241
0.08635994133893315
0.3848720187153084
0.0308317847561123
0.7942083049914122
0.03086128770244383
0.3848896845627119
0.08737094231320641
0.7206014545967115
0.01817672316075281
0.7204575674251111
0.08757712321169051
0.1594317813712386
0.07867332023947832
0.3918695016588263
0.07867728170077204
0.1594164610805592
0.1608716661269238
0.07895137896811109
0.3996396899235235
0.07894699174288428
0.1609079204497199
0.09003874943577145
0.7289502500774575
0.01713337112169841
0.7290594681133493
0.08984097781521884
0.3907706785518613
0.03283655032861853
0.8030872182660617
0.03286415455060886
0.3907893034475234
0.09096137747588522
0.7283678040290404
0.01728231809661222
0.7282154522281044
0.09120838335443976
0.1610308123469756
0.07896562246197303
0.3997543584289132
0.07897080863182276
0.1610136726349765
0.1638381630911059
0.07879617820207495
0.4085490556554224
0.07879079600405163
0.1638765260594195
0.09305443528759141
0.7367357290824728
0.01685059083865726
0.7368517871630618
0.09283367205053292
0.3976005350872245
0.03455047559475994
0.8118840184561747
0.03457576006057442
0.3976198018030852
0.09404150645876894
0.736139133967921
0.01702997986749672
0.7359791067070779
0.09432276591779899
0.1640129962590846
0.07881390858667239
0.4086670714194702
0.07882037574018179
0.163994663381247
0.1681717743818964
0.07831069930591535
0.4184346127846781
0.07830432719811295
0.1682116563989005
0.09551691423085244
0.7444646591319035
0.01730219499523399
0.7445871757382747
0.09527931855653426
0.4053333923967276
0.03567342319702638
0.820549824703372
0.03569709643056797
0.4053528166941215
0.09655218752167366
0.7438596013523107
0.01750600859445955
0.7436925564453801
0.09686073271326918
0.1683643663310279
0.07833208396727109
0.4185556680531095
0.07833984999596422
0.1683455476460143
0.1738533290637413
0.07761616309032859
0.4292454574265084
0.07760883954629823
0.1738941058379281
0.0974086245298475
0.7520834947307337
0.01840439710139184
0.7522121634671228
0.09715987256924548
0.4139227418867144
0.03605017292552321
0.8290357941916455
0.03607413089922022
0.4139416921964135
0.09847658387059882
0.7514751695702062
0.01862002777258415
0.7513016235167264
0.09880567109019137
0.1740657611401583
0.07764135105460385
0.4293692531098999
0.0776503984471863
0.1740472185245624
0.1808604692085728
0.07682529915719122
0.4409337254878666
0.07681708724224727
0.1809015026939801
0.09875657763273585
0.7595411436724804
0.01991083074462393
0.7596757603367505
0.09850141266429241
0.4233046778920196
0.03571973393038412
0.8372927574425456
0.03574673610212381
0.4233224309294428
0.099843415663771
0.7589340337337127
0.02012219284724392
0.7587543298826432
0.1001871374891936
0.1810947737867715
0.07685443651057401
0.4410599314742376
0.07686472111586241
0.1810772977544306
0.1891691512285313
0.07602650067565977
0.4534551806379128
0.07601747437625858
0.1892098074001371
0.09963188060733026
0.7667894520047945
0.02146911900668803
0.7669299190707981
0.09937374162497656
0.4334011924780862
0.03490605522727659
0.8452712533138906
0.03493904763462918
0.4334170217772794
0.1007262263392008
0.7661870916030279
0.02166089310579818
0.7660013705900368
0.1010800387760501
0.1894272588693538
0.07605974092065926
0.4535833927059751
0.07607120566827841
0.1894116454918171
0.1987545271529164
0.07526994352507002
0.4667687647403881
0.0752601713230078
0.1987941897101446
0.1001453234148839
0.7737839026478903
0.02270698914795189
0.7739302650602093
0.09988612158198419
0.4441253591731794
0.03395066436239549
0.8529222524145166
0.03399192506322219
0.444138634606034
0.1012386929047935
0.7731887247423924
0.0228689427522052
0.7729968953703464
0.1015997248812876
0.1990382205939455
0.07530744763474664
0.4668984714203432
0.07532003894128343
0.1990252525646733
0.2095909767161349
0.07455826950528456
0.4808350465481132
0.07454750655537792
0.2096291058336771
0.1004370382602437
0.7804754809612438
0.02332770686049706
0.7806359946713055
0.1001790906285171
0.4553821768629802
0.03320653931251618
0.8601959653144202
0.03325718820460274
0.4553947309122945
0.1015262704225179
0.7798966385050295
0.02345804235865398
0.7796958158415894
0.1018919293514642
0.2099149898673867
0.07460464658765747
0.4809525792205323
0.0746301095915953
0.2099070232727769
0.2216618439113369
0.07385443507721942
0.4956018607258241
0.07383576793035777
0.2216988567358677
0.1006696573188051
0.7868352855067513
0.02318964383454887
0.7870166213839881
0.10041216779407
0.4670933940709899
0.03292564455308754
0.8670520083683247
0.03298279525736474
0.4671043106685727
0.1017527916028947
0.7862744493751833
0.02329632335352365
0.7860621234674832
0.1021211034479577
0.2219981662961624
0.07390679630440707
0.4957346319677517
0.07392555181836967
0.2219952184941947
0.2349067240247502
0.07304815296118965
0.511051581306707
0.07303643927118661
0.2349403961404745
0.1010127975625118
0.7928453192489242
0.02235147721561542
0.7930277182935962
0.1007502295491409
0.4791735410510035
0.03317611941771808
0.8734492270993918
0.03323913319792954
0.4791771379143758
0.1020845375233219
0.7922804328143109
0.02245448225146857
0.7920435462213271
0.1024664568856131
0.2352682573486967
0.0731101760495938
0.5111780937399
0.07312205678357077
0.2352601076364359
0.2492788512513641
0.07201662731805239
0.5271155752612739
0.07201282952285801
0.249320480002536
0.1016182706087935
0.7984323043580063
0.02107427100686422
0.7986404797260922
0.1013436062397357
0.4915455834226044
0.03382518586245102
0.8793482120563358
0.03388838311980961
0.4915461993051267
0.1026795757338485
0.7978773216908975
0.0212040159701976
0.7976079536796387
0.1030801132991217
0.2496600199678122
0.07210480562362342
0.527233534249503
0.07210723483044447
0.2496434420849344
0.2647085241802446
0.07063866391927816
0.5437350914003751
0.07064311607801527
0.2647628468678466
0.1026100628985117
0.8035821872144705
0.01975797917160209
0.8038250123876236
0.1023196521557941
0.5041458433673487
0.03457817952602765
0.8847204126120634
0.03463637534119321
0.5041434064894139
0.1036652243911423
0.8030351084720364
0.01994598751112373
0.8027234543621933
0.1040871683675536
0.2650992378750049
0.07076143452340189
0.5438389607309674
0.07075439959691662
0.2650694116802834
0.2811115188647779
0.06880428943289393
0.5608428323252272
0.06881405259317051
0.2811836145638584
0.1040640529272228
0.8082704115198172
0.01882672644457772
0.8085558597295455
0.1037579254389137
0.5169159369001901
0.0350834148516509
0.8895412005990377
0.0351321792271788
0.5169105762370562
0.1051191315369688
0.8077271853163031
0.0190933066275393
0.8073644490472941
0.105561464961863
0.2815001277734663
0.06896891377287973
0.5609272685805845
0.06895534569124889
0.2814520488046266
0.2983925687506068
0.06644821167066313
0.5783659723439928
0.06645776820976507
0.2984874296275878
0.1059948737200545
0.8124777033356959
0.01859919965786992
0.8128121171204948
0.1056774207259759
0.5298033529722652
0.03505591595788392
0.8937914744786333
0.03509271510444611
0.5297952181340382
0.1070550802885323
0.8119317783292435
0.01894356680223692
0.8115108755049705
0.107512022091699
0.2987657844830597
0.0666605880984516
0.5784258120553534
0.0666459036846742
0.298694543086124
0.3164462799197294
0.06357174749790094
0.5962266339127323
0.06357403468971307
0.3165688442432654
0.1083486830754411
0.8161890154407525
0.01918757404546776
0.8165765395985265
0.1080290081134526
0.5427592226786671
0.03438349278665727
0.8974570223179628
0.03440825498179699
0.5427483211849695
0.109416201967137
0.81563139616291
0.01958448381019622
0.8151474480897186
0.1098774834991486
0.3167897220415372
0.06383661344139821
0.5962567095696765
0.06382743031160162
0.3166906767029976
0.3351600575626538
0.06025493853896019
0.6143424731900058
0.06024318807896855
0.3353146633410252
0.1110054081361089
0.8193929621310083
0.02045933359378127
0.8198354656014588
0.1106968886632407
0.5557377890882877
0.03317645624794384
0.9005279212966674
0.03319157176724061
0.5557243262687716
0.1120780328894111
0.8188123122259252
0.02086398458663014
0.8182628875678671
0.1125289235233141
0.335458208161094
0.06057658047337571
0.6143377050184823
0.06057918707143927
0.3353271934487779
0.354416348715876
0.05665592705459704
0.6326277724389704
0.05662543688701029
0.3546069895116256
0.113790941282285
0.8220808082291675
0.02207508916188575
0.8225777459734087
0.1135101258776063
0.568695245718148
0.03174165217706418
0.9029979032982551
0.03175129814451659
0.5686794550958844
0.1148616542937961
0.8214638090713871
0.02243549741527127
0.8208490254402848
0.115284396254182
0.3546532385445424
0.05703866315227935
0.6325828490939972
0.05705738632609129
0.354486507955419
0.3740967434304768
0.05299512834111505
0.6509947432956142
0.05294465179345949
0.3743268694403861
0.1164979884510674
0.8242461172196313
0.02359296004655961
0.824794228397765
0.1162631938571135
0.5815898000986646
0.03048618953845212
0.9048637113932961
0.03049519218685291
0.5815719541152922
0.1175558288529303
0.8235781018196687
0.02386611332003762
0.8229002979554944
0.1179314370579251
0.3742565280375735
0.05344361417684652
0.6509038324258769
0.05347930050922814
0.3740503840190817
0.3940851407598924
0.04952560139807924
0.6693548976859964
0.04945824820832999
0.3943579215788224
0.1189135736205995
0.8258834741993368
0.02460656261213737
0.8264785490602569
0.11874189158771
0.5943810025290106
0.02978167639920119
0.9061252996370663
0.02979413347609757
0.5943616611482867
0.1199451167033094
0.8251499585306499
0.02477276350482617
0.8244131365992553
0.1202560149598948
0.3941525048886698
0.05004424490528028
0.6692123671421888
0.05009381199142342
0.3939043106710658
0.4142712904368699
0.04649329330464207
0.6876214541360157
0.04641652999758125
0.4145890091341126
0.1208472155988283
0.8269891267573266
0.0248712940369444
0.8276253656413441
0.1207530826681714
0.6070295267556807
0.029835145370329
0.906784403697111
0.0298536408376931
0.6070092362030788
0.1218398097588291
0.8261762513078701
0.02494195110047839
0.8253857475971574
0.1220715768313986
0.4142317165501611
0.04708616549174749
0.687420894546799
0.04714251204179035
0.4139390523243747
0.4345528565957685
0.04409521284622398
0.7057109332698251
0.04401964159094039
0.434917354676325
0.1221587050172091
0.8275607934156289
0.02437794579962624
0.8282318651694593
0.1221515937517507
0.619496237036803
0.0306123074876616
0.9068459325759561
0.03063721767506574
0.6194754057204883
0.1231029891679567
0.8266568008003767
0.02439308666606105
0.8258189881480551
0.1232464317056404
0.4343935485266525
0.04476478604406077
0.7054458168619375
0.04481802830038874
0.4340547044104554
0.4548373143309482
0.04244240661543795
0.7235440671812251
0.04237992980231634
0.4552496294502033
0.1227770266923547
0.8275981593318867
0.02334812539670016
0.828297309249463
0.1228607695740259
0.6317410764057955
0.03184090129651763
0.9063170411302901
0.03187097697349304
0.6317199207634824
0.1236698303143371
0.8265943944326972
0.02336419393045355
0.8257158832833569
0.1237218295722674
0.4545476686863457
0.04318818431318856
0.7232080612919347
0.04322756578679748
0.454161495687977
0.4750423645624574
0.04153648013797198
0.7410465533113643
0.04149762511350691
0.4755028777235327
0.1227093389455802
0.8271034745059531
0.02215350704542432
0.8278238108890309
0.1228820099241901
0.6437227111049091
0.03309636144216606
0.9052073751938919
0.03312930338493128
0.643701349236429
0.1235552543072203
0.825995149271975
0.02222554302049889
0.8250825136626575
0.1235189140083655
0.4746144646850197
0.04235374928801343
0.7406337264019101
0.04236999116165196
0.4741805011000889
0.4950957601748154
0.04126502101254927
0.7581478069965153
0.04125672424735511
0.4956040545906103
0.1220370358862365
0.8260821068020126
0.02118681922714265
0.826817282000231
0.1222910123317788
0.6553989952350379
0.03394108315779749
0.9035287587232433
0.0339747438057375
0.6553772334483787
0.1228486373714447
0.8248685645079021
0.02135023170067987
0.8239282498229739
0.1227321885627421
0.4945247609590094
0.04214424848520531
0.7576528888098689
0.04213172377949993
0.494043527060496
0.5149346720406447
0.04141937407751554
0.77477972532166
0.04144294750570479
0.5154892525187076
0.1208996051169192
0.8245428068333519
0.02072914551525813
0.8252869745071886
0.1212236387569438
0.6667282300467985
0.0340709615679106
0.9012953903243273
0.03410405691276013
0.6667055949886723
0.1216960720148793
0.8232276643210291
0.02098783205038974
0.8222658116134982
0.1215109719383524
0.5142190110515978
0.04234609151350192
0.7741982759668862
0.04230463527369795
0.5136919092507999
0.5345046030742103
0.04173209548334715
0.7908748196237211
0.04178218764888893
0.5351028504224266
0.1194690990256213
0.8224979052695574
0.02085975651819949
0.8232456889153645
0.1198505000526873
0.6776709112556583
0.03341804229366575
0.8985235568364927
0.03345061200030502
0.6776468552028481
0.1202733743929607
0.8210887055554714
0.02118462941800263
0.8201111467427923
0.1200319301156252
0.5336460302318026
0.04268764476013649
0.7902031526354013
0.04262337946662684
0.5330754061275691
0.5537582289675419
0.04192820043112103
0.8063646230215921
0.04199300252023799
0.5543964124896141
0.1179201129272736
0.8199630279415684
0.02143930922465188
0.8207094507743928
0.1183470798966703
0.6881917511937423
0.0321735004194344
0.8952314453579308
0.03220670398832119
0.6881656625242294
0.118754908122725
0.818470781036594
0.02177793007959705
0.8174831299147565
0.1184678239206008
0.5527617931843286
0.04289127395013877
0.8056001114131347
0.04281622638899611
0.5521511161508761
0.5726549910826592
0.04178041760676911
0.8211795530959582
0.04184321289406705
0.5733282424158586
0.116400800118609
0.8169571667559965
0.02217087290303291
0.8176975567419885
0.116864572512713
0.6982611084957684
0.03072238139264915
0.8914390403617029
0.03075788978460803
0.6982325058709584
0.1172844775010023
0.8153956382577777
0.02246514610550384
0.8144034020113194
0.1169588296176827
0.5715287419613824
0.04272935619530296
0.82032053434504
0.04266005825741333
0.5708825246528219
0.5911609033898684
0.04115751512241673
0.8352497698235331
0.04119908473110064
0.5918631039642506
0.1150107841990428
0.8135027051572765
0.0227154990558848
0.8142325378947226
0.1155070695453782
0.7078557216164904
0.02951260550066322
0.8871682031358437
0.02955167801015555
0.707824296668161
0.1159538295407512
0.8118874904802127
0.02292139411694525
0.810896298387429
0.115591935722365
0.5899154593372775
0.04207279353693933
0.8342956446557327
0.04202788456674628
0.5892392096449861
0.6092484133333849
0.04005454093258175
0.8485072082636376
0.04005620034859073
0.6099723667833601
0.1137900745122982
0.8096255417735029
0.02281948072671078
0.810340250392847
0.1143195499773668
0.7169582851628427
0.02890363031806441
0.8824427179786546
0.02894646189314324
0.7169239259891402
0.1147929458191989
0.807973209879389
0.02292190650837629
0.806989032168495
0.1143921291493031
0.6078963507596489
0.04092106174689381
0.8474584485339938
0.04091844470869423
0.6071966452402275
0.6268970180119795
0.0385975806844847
0.8608882887326845
0.0385443621707629
0.6276344284319634
0.1127211238280508
0.8053555406999597
0.02240693221247941
0.8060504246155238
0.1132887168093172
0.7255561779071816
0.02904756780646345
0.8772886405617454
0.02909292380605202
0.7255189845947404
0.1137739052865895
0.8036828910847913
0.02242487063184546
0.8027121434067008
0.1133276282806386
0.6254521491589515
0.03940648666156457
0.8597466133351657
0.03946035475831233
0.6247364577854716
0.6440930564717975
0.03702044729156719
0.8723365000630805
0.03690381061358179
0.6448348227749243
0.1117428505851499
0.8007268827084378
0.02160449188877385
0.8013970530261152
0.1123560730731697
0.7336395888838032
0.02984283649082585
0.871734764516976
0.02988836652754569
0.7335998494188063
0.112826910467397
0.7990503305133564
0.02158447947704676
0.7980999067689013
0.1123267877652444
0.6425699208004517
0.03777005080176849
0.8711047632007284
0.03788840086395542
0.6418464905571091
0.6608296324255416
0.03561694895113642
0.8828040300993557
0.03543641014822049
0.6615661113551576
0.1107732607382541
0.7957785285460647
0.02069048500782663
0.7964189958187481
0.1114398294973634
0.7411995391740014
0.03097565845536842
0.8658130326930844
0.03101863794331482
0.7411576644788853
0.1118645941343738
0.7941136850971247
0.02069093742463955
0.7931907344300846
0.111303059334328
0.6592428816006073
0.03631272112958603
0.8814860617030249
0.03649553886353035
0.6585205336418547
0.6771056207906206
0.03467791185501316
0.8922521492952273
0.03444153269075592
0.6778269284799052
0.1097352095194324
0.7905544177786589
0.01998873664942485
0.791160258648131
0.1104604766007867
0.7482261421289664
0.03203337505238184
0.8595588408671899
0.03207168279291155
0.748182598858411
0.1108088357637355
0.7889157727224785
0.02006046992728042
0.7880275500142662
0.1101818403198474
0.6754696608451791
0.03533145504520712
0.8908525436446129
0.03557025869558843
0.674757511462112
0.6929244634296713
0.03442616903243932
0.9006504577918267
0.03414961123638709
0.6936206004461256
0.1085792443143413
0.7851035315492563
0.01974688811603299
0.7856700734607096
0.1093639272615755
0.7547074815485824
0.03264925881437037
0.8530112007986679
0.03268222067105882
0.7546627640924097
0.1096137295307218
0.7835044233150577
0.01991645207937863
0.7826577490147899
0.1089228601308935
0.6912527950168076
0.03505345503578083
0.8991743975051729
0.03533198492187441
0.6905598227102174
0.7082916837231702
0.03496348363178733
0.9079753852993413
0.03466785167256852
0.7089530096700634
0.1072981206218762
0.7794797730589762
0.02004376600950424
0.7800030331050328
0.1081370396316812
0.7606291420955684
0.03262826171470051
0.8462125140120638
0.03265704031680811
0.7605837110680216
0.1082794393232507
0.7779322779198243
0.02030510662191787
0.77713316819052
0.1075329834775851
0.7065969226938755
0.03558264530388165
0.9064283519812406
0.03587892007040349
0.7059318284379449
0.7232129514684684
0.03624145545609528
0.9142085233541813
0.03595014390513376
0.7238303808875075
0.1059296170086718
0.7737415191623289
0.02075909012905186
0.7742185239176743
0.1068115948950515
0.7659742684595479
0.03201069498543584
0.8392081869095054
0.03203797888310343
0.7659285805811487
0.1068534626662782
0.7722565642276541
0.02107601133781063
0.7715097269110955
0.1060660321632688
0.7215065717666642
0.03687022431583042
0.9125961002924575
0.03715961896258642
0.720877458638517
0.737691526940759
0.03806348065942647
0.9193349919307083
0.03779855173766623
0.7382568382831278
0.1045466685116256
0.7679510141119225
0.02161550450416893
0.7683801306534843
0.1054557525139836
0.7707239994247063
0.03105270697084433
0.8320459551226319
0.03108183001455416
0.7706784619277727
0.1054187578085492
0.7665384278584462
0.02193401706038423
0.7658468772419285
0.1046094709216938
0.7359838763977388
0.03871660003732354
0.9176629050879066
0.0389755825416708
0.7353981326612784
0.751726428020574
0.04011810503749844
0.9233426828956677
0.0398967111419337
0.7522323732562454
0.103236905280326
0.7621734431712288
0.02227740190908679
0.7625546796381413
0.1041547676540805
0.7748579206713389
0.0301319101107947
0.824775214346313
0.03016577148729694
0.7748128048891629
0.104071197299068
0.7608420271573146
0.02254365441696661
0.7602066306046008
0.103260834671281
0.7500266468140857
0.04080540703459021
0.921616582121366
0.04101524724574043
0.7494907910524187
0.7653111450093839
0.04203808881992481
0.9262220768105359
0.04186963375266707
0.7657515772022012
0.1020765684908618
0.7564757630517609
0.02247116376332321
0.7568109885383403
0.1029854529446502
0.7783546851775666
0.02961239944971321
0.817446725830925
0.0296524111213665
0.7783100811874364
0.1028915717636075
0.7552334291965643
0.02264883695230559
0.7546527869134632
0.1020991532291417
0.7636272263395709
0.04276300842904675
0.9244476337723632
0.04291280858447677
0.7631467264508232
0.7784330772693652
0.0434726183785274
0.9279667047621383
0.04335717096699046
0.7788029585377871
0.1011045429008497
0.7509254753152264
0.02208389561346207
0.7512184459438888
0.1019902989122315
0.78119254270648
0.02971619709389362
0.8101123959737829
0.02976172380603773
0.781148300350314
0.1019186892492533
0.7497792871593376
0.02216547202973984
0.7492497502101583
0.10115812864109
0.7767718548141349
0.04423165611758038
0.9261496359306804
0.04432010814109058
0.7763511955562309
0.7910733972871177
0.04415779269312489
0.9285735603173597
0.04408618298328484
0.7913688593376718
0.1003032991569004
0.7455888216545801
0.02120597517503433
0.7458451348750093
0.1011577871303164
0.7833497655374773
0.03044530945883124
0.8028251217951241
0.0304936956547107
0.7833055049897769
0.1011300641473388
0.7445451443055082
0.02121425012089746
0.7440609689726423
0.1004077777697445
0.7894406220388632
0.04494100960256265
0.9267196691932709
0.04497646322418739
0.7890832905131798
0.8032079114849553
0.04397061783521558
0.9280437030182609
0.04392620402864739
0.803426185121742
0.09959182546333979
0.7405292630749154
0.02010278580196909
0.7407561055927223
0.100414268147318
0.784805490844235
0.03158011217671415
0.795638840912368
0.03162743587028474
0.7847606002037593
0.1004359219349999
0.7395937839447971
0.02008255920607653
0.7391475093568923
0.09974976073292405
0.8016082205395951
0.04476316595479696
0.9261588830324259
0.04476191515623869
0.8013167683871861
0.8148079312593159
0.04295479119871301
0.9263823289330596
0.04291669202652863
0.8149473360058087
0.09883315465588968
0.7358057236177999
0.01912574380337958
0.7360114361659963
0.09963002852377388
0.7855404770314212
0.03275338543229227
0.788608355449523
0.03279564782229832
0.7854941985514098
0.09968843502764657
0.7349834498521624
0.01912869423941266
0.734566359911181
0.09902830069832447
0.8132449207903348
0.04373928387071991
0.9244725446903947
0.04372239418855663
0.8130210244054931
0.825841454647
0.04131289227806775
0.9235985751971838
0.0412600215894835
0.8259012720822261
0.09785591913233369
0.731470934848676
0.01859370095296969
0.7316645376780702
0.09863932551010125
0.7855379596821718
0.03357413380303491
0.7817888275408333
0.0336084785647251
0.7854894972210238
0.09870542672988934
0.7307661650076197
0.0186616519478208
0.7303688118293035
0.0980555888529744
0.824317641965078
0.04207223349127268
0.9216698393942411
0.04206148450151331
0.8241622291519909
0.836274123772796
0.03936627616356565
0.9197051872591966
0.03928142607834536
0.8362545426548442
0.09648596397428358
0.7275701000414468
0.01868525279951572
0.7277607935091246
0.09727076371724003
0.7847844391736053
0.03375913892657798
0.7752348635013884
0.03378477525528052
0.784733075635844
0.09730428905065058
0.7269863056325808
0.01883737279192712
0.7265990793006147
0.09664692811246606
0.83479104960243
0.04008652054921919
0.9177635142477438
0.04010027360259487
0.8347043826561145
0.8460699947225303
0.03749088370966584
0.9147181822346093
0.03736405304851868
0.8459719678699169
0.09458194089273997
0.7241399694156039
0.01937786026727628
0.7243366288290266
0.09538218278701838
0.7832701864917572
0.03322891312464919
0.7689991219025427
0.03324732758489118
0.783215397595274
0.09533940873805796
0.7236795750902467
0.01960570254006775
0.7232932277682966
0.09465871632177913
0.8446282369408894
0.03816355718750246
0.9127695425068777
0.03821334496855779
0.8446100758831089
0.8551918392410615
0.03604199939714643
0.9086567458812123
0.03587236762075354
0.8550169604536062
0.09206761435298647
0.7212084065509823
0.02045331604856105
0.7214191626720226
0.09289303404982091
0.7809894747888568
0.03213699465498043
0.7631308055090862
0.03215143248114105
0.7809309643196205
0.09273565086307059
0.7208725539737924
0.02072498013750741
0.7204787141457845
0.09202159558509335
0.8537910880333069
0.03666551715526303
0.9067070667735821
0.03675396606467292
0.853840851173199
0.863601276719057
0.03528335969612444
0.901543537346197
0.03507952510435752
0.8633516233983338
0.08895418327222948
0.7187946154155394
0.0215670901920264
0.7190264447318306
0.08980747758795955
0.7779405326665654
0.0308239960380389
0.7576743421794752
0.03083837709779753
0.7778782445014487
0.08951087137004601
0.7185828038754809
0.02183880814368055
0.7181744609837175
0.08876192337602648
0.8622404052057211
0.03586328231654269
0.8995986160671559
0.03598379149970153
0.8623572679416502
0.8712586186150757
0.0353350944129279
0.8934052220717402
0.03511357844276859
0.8709365769114709
0.08534764294153038
0.7169097154660803
0.02235872001911021
0.7171680317512046
0.08622312144316119
0.7741253315055217
0.02971200378596739
0.752668507760085
0.02972956080341411
0.7740593962164621
0.08578243200079048
0.7168193585778633
0.02258972267138632
0.7163913417544137
0.08500664085208762
0.8699357538780352
0.03588320569987458
0.8914706676023967
0.03602131654904668
0.8701187900615764
0.8781227482649677
0.0361511070385094
0.8842731901678235
0.03593347184199616
0.8777308394255697
0.08143913578107617
0.7155574756917569
0.02256775814639762
0.7158458552884234
0.08232292122804161
0.769549399049053
0.02917358870449083
0.7481461434204162
0.02919571219394235
0.7694800824574379
0.08175569019888915
0.7155836129119841
0.02273347975170667
0.7151329280772603
0.08096995967398063
0.8768353393056731
0.03668342316088813
0.882354342431949
0.03681964396987996
0.8770836477834552
0.8841511915755629
0.03753027721779083
0.874184241096523
0.03733942672544532
0.8836919223090481
0.0774793469875904
0.7147351643120008
0.02211834150467489
0.7150551523929156
0.07835110326093898
0.7642219157369822
0.02941699069205422
0.7441344818533827
0.02944261954326101
0.7641495311470344
0.07769594074653385
0.714870304411148
0.02221774489781548
0.7143962767734418
0.07692376100723164
0.8828960950726545
0.03806449944749649
0.8722860915274813
0.03817783954836147
0.8832088874267952
0.8893005014219507
0.03915882040349886
0.86318100645262
0.0390152749582815
0.8887762112787583
0.07374127148989645
0.7144341499708711
0.02114558725032611
0.7147852931293037
0.07457706632647616
0.7581560896688802
0.03042320839164173
0.7406558383349604
0.03044900968876534
0.7580809428348804
0.07388855921999478
0.7146684128243377
0.02120051807884114
0.7141726317557726
0.07315660069896232
0.8880740450531176
0.03971164439987066
0.8613081084946145
0.03978323298779036
0.8884507133272012
0.8935269436051163
0.04067496086402194
0.851311844694842
0.04059379092159827
0.892939691091065
0.07047802764707263
0.7146403045771603
0.01995546295387621
0.7150203447213568
0.07125382033887263
0.751369829619452
0.03195401337100381
0.7377283999936041
0.03197531745609825
0.7512921982472802
0.07059459111168277
0.7149618921657496
0.02000250827124131
0.7144478691597108
0.06992878668045008
0.8923250057278708
0.04125971034461624
0.849468268951844
0.04127573388690549
0.8927651924623727
0.8967875393733328
0.04174260597569718
0.8386302164999015
0.04173158190865434
0.8961389974150185
0.06788349918992838
0.7153341968897184
0.01893078392021541
0.7157394251710769
0.06857861016415528
0.7438865785483183
0.03362757064246604
0.7353666714847782
0.03363980088566443
0.7438067106775166
0.06800999642705124
0.7157300892789724
0.0190085949520759
0.7152027835680677
0.06743182555298792
0.8956056179098191
0.04236757938284287
0.8368195871743245
0.04232108085065608
0.8961092515668759
0.8990412676653241
0.04211923501570466
0.825193548357156
0.04217841586401912
0.8983326630100166
0.06606315865887001
0.7164910622552456
0.01841301257396248
0.7169168307085602
0.0666631768750913
0.7357359717411104
0.03503735968357962
0.7335813580596733
0.03503749788050374
0.7356541305858766
0.06623625915448397
0.7169478627514373
0.01854935974376972
0.7164130807652005
0.06575982587422291
0.8978745651955984
0.04278702178843287
0.8234191211046076
0.04267832252926561
0.8984418993237645
0.9002504813175498
0.04170479770246102
0.811061866301672
0.04182750286132409
0.8994825353232542
0.06502070937792603
0.7180808791600189
0.01859693228678442
0.7185220933031149
0.06551922949712849
0.7269542549620235
0.0358768675537438
0.7323787656374421
0.03586447777873342
0.7268707534922018
0.0652678036202626
0.7185856353134032
0.01879978284888168
0.7180494706856542
0.06489830297989975
0.8990940203305102
0.04241250151329627
0.8093266637776839
0.04224836100173383
0.8997256426286888
0.9003821833136265
0.04056206871419315
0.7962962093530281
0.04073681353759256
0.8995551161285158
0.06466274426616578
0.7200685643075808
0.01947092370473111
0.720520133805531
0.06506162841026247
0.7175841736703088
0.03603088977093345
0.7317597584044777
0.03600840449515801
0.7174994076382581
0.06499842647780794
0.7206093974650573
0.01972648266469058
0.7200777410759254
0.06473225410003162
0.8992309447831617
0.04130231974124492
0.794603153091536
0.04109414922593201
0.8999277674895396
0.8994091390919687
0.03890483662708828
0.7809570690141221
0.03911772178025728
0.8985226818153608
0.06482053606068053
0.722414464837231
0.02082107595892072
0.7228716802449143
0.06512867231573022
0.7076744304372076
0.03560535076810308
0.7317187869877738
0.03557752423789089
0.7075888699560545
0.06524537980915908
0.7229809934560829
0.0210993177245951
0.7224591351022103
0.06507180653482472
0.8982582329143465
0.03966716783164435
0.7793091155455876
0.03942877006097995
0.8990214838723914
0.8973107934508464
0.03705641082227779
0.7651031800818723
0.0372934282298815
0.8963642384269371
0.06528464545007394
0.7250752681041598
0.02229731312746926
0.7255341011774987
0.06551548311788699
0.6972787913837879
0.03488711705276591
0.7322432948627136
0.03485980582072415
0.6971929575496293
0.0657864397616386
0.725658786596582
0.02256317408440821
0.7251511152403021
0.06569051887104188
0.8961556709605657
0.03782873089672525
0.7635033462005146
0.03757407334002093
0.8969868037445334
0.8940738700473028
0.03538692409088077
0.7487907152113373
0.03563578889771156
0.8930661776694548
0.06584575727337919
0.7280051926324089
0.02352081211098356
0.7284625098163847
0.06601412051883654
0.6864549571897387
0.03424735224360784
0.7333136481684235
0.0342259672026317
0.6863694083973917
0.06640284591450307
0.7285986717686216
0.02374715185849062
0.7281084266212298
0.06636887661807377
0.892910584900132
0.03615681307284181
0.7472420438977202
0.03589816945784695
0.893811199306478
0.889692511321972
0.03424188033428278
0.7320731016793538
0.03449315349875072
0.8886224301083682
0.06633398207719897
0.7311571267317916
0.02419935568127123
0.7316109075554222
0.06645289489812026
0.675263255634816
0.03401970442256019
0.7349034932823169
0.0340078395147688
0.6751785320005403
0.06692002638015504
0.7317551778066478
0.02437735766412339
0.731284238606676
0.06693485397910778
0.8885179327063907
0.03499751813298999
0.7305785897556296
0.03474420946829689
0.8894896423815002
0.8841685593731545
0.03387646133812261
0.715001812449094
0.03412386871492007
0.8830348038470051
0.06664948856257771
0.7344839728862019
0.02421532879776629
0.7349334656282611
0.06672763255907552
0.6637654787813021
0.03439228277029226
0.7369807378405526
0.03439089321993403
0.6636820820963329
0.06723868306842112
0.7350827627069978
0.02435873325717343
0.7346314638787174
0.06729422874779675
0.8829806588700858
0.03460735461245279
0.7135642477203461
0.03436524339955867
0.8840249171733799
0.8775116005515676
0.03440830517981869
0.6976278470221908
0.0346483706738457
0.8763130334976409
0.06677890480916729
0.7379396975769494
0.02365953119022535
0.7383855834735936
0.06681911750502741
0.652023759972968
0.03534774395236571
0.7395088445086158
0.03535514137449158
0.6519421257777879
0.06735050570179311
0.7385369195036254
0.02380114332104149
0.738103925251574
0.06744507243963077
0.8763096736743934
0.03510565502635881
0.6962496618771308
0.03487736292715631
0.8774275995027517
0.8697389282845844
0.0357975529298863
0.6800038047607373
0.03602866883707673
0.8684747675344368
0.06679470393509052
0.7414801633398206
0.02280095046581678
0.7419246154509291
0.06679382202432613
0.6400995285404298
0.0366705360078564
0.7424480847327841
0.03668319634228311
0.6400200298576804
0.06733604747526838
0.7420750000603993
0.02298239307964031
0.7416572599899474
0.06747417442754296
0.8685237791019016
0.03645439303242897
0.6786870129034634
0.0362401707202557
0.8697159883029282
0.8608754995109307
0.03785730612959207
0.6621863204743401
0.03807848467578506
0.8595454804657041
0.06683814892279344
0.7450637263448481
0.02200256727382908
0.7455103888107817
0.06678815888810608
0.6280526169989213
0.03801888408078517
0.7457566652480343
0.03803275545555679
0.6279755524927333
0.06734557681512926
0.745656772751266
0.02226047035964968
0.745249621058366
0.06753657963981322
0.8596495458305533
0.0384684359777926
0.6609324729308177
0.03826752539520754
0.8609159885628335
0.8509538578002356
0.04029153057437484
0.6442383374948926
0.04050105626474812
0.8495584016056513
0.06708951655670814
0.7486516883317949
0.02161004961077859
0.7491055378643557
0.06697974729763764
0.6159405891394439
0.03903818798266437
0.7493916014925672
0.03905005968020189
0.6158661919466357
0.06756714785018064
0.7492448149925206
0.02196313506671838
0.7488421824077008
0.06782260272856372
0.849721175180849
0.04085324917706491
0.6430486090589191
0.04066542832811479
0.8510610050922722
0.8400140116066949
0.04275207697447028
0.6262307793442839
0.04294635914367738
0.8385543231119229
0.06773160073696745
0.7522086638110825
0.02184829179813315
0.75267574297798
0.06755150568954882
0.6038183407410916
0.03947861190811275
0.7533093420591955
0.03948707680253497
0.6037467709600621
0.06818830205581757
0.752804742682522
0.0222896215352896
0.7523994942133935
0.06851902371265933
0.8387802878148989
0.04326182300268363
0.6251060686840119
0.0430888163642902
0.8401917821822794
0.8281030122900443
0.04490320273385179
0.6082428366339105
0.04507609126163983
0.8265811692582909
0.06891355510455331
0.755702760242266
0.02275768384408228
0.7561898431154614
0.068655560709275
0.5917380334430652
0.03927791566737115
0.7574662311817518
0.03928363048511525
0.5916693681954751
0.069358888157213
0.7563052965712125
0.02325483628741076
0.755889657678578
0.06977194426324075
0.8268754982315589
0.04535920141191547
0.6071839585720176
0.04520558104188817
0.8283559745758332
0.8152746041262731
0.04648107558712501
0.5903608864191776
0.04662384525533424
0.813693589030747
0.07072203687441621
0.7591058454849526
0.02418887352917776
0.7596200212686626
0.07038385634511335
0.5797496383409279
0.0385819160590034
0.7618190580787576
0.03858716272045074
0.579683852886274
0.07116212258458039
0.7597185254585545
0.02469233590202121
0.7592845309187362
0.07165857084542918
0.8140619882875451
0.04688218732128713
0.5893686609678269
0.04675556494939437
0.8156078010174203
0.8015886223826487
0.04733716256906542
0.5726756746954008
0.04743916866950922
0.799952292977576
0.07316470060520759
0.7623936617763403
0.02585567600063234
0.7629419115786575
0.07275064386385909
0.5679019976644688
0.03769566318782075
0.7663255740569079
0.03770340064464447
0.5678389523645498
0.07359889196063671
0.7630198525301867
0.0263129489193686
0.7625597866697804
0.07417266181770199
0.8004008464788848
0.04768291154983404
0.571750997534955
0.04759333572161781
0.8020074178604751
0.787110110694168
0.04745788830780324
0.5552783202271079
0.04750784531488843
0.7854231244166237
0.07616848894250909
0.7655456777345103
0.02742728721798017
0.7661345162038053
0.07568953405022258
0.5562442601310462
0.03698178771832807
0.7709449214509466
0.03699452168536654
0.5561837212525047
0.07658759983649605
0.7661880317304484
0.02779826647119447
0.7656947828573248
0.07722571800083142
0.7859581834981615
0.04774873641084654
0.5544222012673947
0.04770738465066526
0.7876200998530341
0.7719084314821383
0.04695809359393636
0.5382561881383965
0.04694572280043781
0.7701761127562451
0.07959229666380044
0.7685448229457639
0.0286291071273892
0.7691800032694542
0.079064915522047
0.5448274583891908
0.03674018831511752
0.775637949455715
0.03675907221769151
0.5447691258823175
0.07997873791561522
0.7692049784305321
0.02889780182592592
0.7686723063929142
0.08066286340304055
0.7708041562221988
0.0471958576687433
0.5374697266167068
0.04721329913696461
0.7725153180647426
0.756056236936288
0.04605092795187041
0.5216895243885573
0.04596863131144278
0.7542844099963862
0.08325061394165903
0.7713769555211585
0.02931980248495856
0.7720632692615567
0.08269460953545428
0.5337056270203115
0.03710916945104303
0.7803673193463135
0.03713364693197296
0.5336491997314037
0.08358038681983856
0.772055402956038
0.02949864931988516
0.7714781125743582
0.08428933827696769
0.7550118996868642
0.04623919900443164
0.5209739661565796
0.04632361159322771
0.7567656952901557
0.7396283401533553
0.04500128867416379
0.5056497496493961
0.04484549541362411
0.737823161229046
0.08694292746723116
0.7740300472197407
0.02952135226695399
0.7747712422009965
0.08637870291902007
0.5229359072192454
0.03802055468236322
0.7850973541111352
0.03804862585759849
0.5228811623345666
0.08718900513014149
0.7747261895099524
0.02964670458045138
0.7741002050930956
0.087901700303994
0.7386563743667598
0.04514566934387174
0.5050065552638567
0.04530131570218195
0.7404458585495981
0.722700755388368
0.04407265602069613
0.4901999511271319
0.04384459512467817
0.7208685498218942
0.09048291519101898
0.7764933401035059
0.02939518298636461
0.7772921276165898
0.08992875225948249
0.5125773839848748
0.03922300180789104
0.7897938096528387
0.0392520191068984
0.5125242514712485
0.09061940094871206
0.7772056907888676
0.02951543604731217
0.7765280271663814
0.09131775206322741
0.7218133769884583
0.0441807593562974
0.4896309222722607
0.04440714541583242
0.7236314342578289
0.705349989281834
0.04347799428144963
0.4753974113441494
0.04318364834341636
0.7034971356521947
0.09372222557187433
0.7787565738897883
0.02917533417371722
0.7796146660210255
0.09319197804525477
0.5026886175198113
0.04036484901457579
0.7944236618683463
0.04039250138729027
0.5026372398384662
0.09372831589877745
0.77948302822513
0.02933543944116448
0.7787517322769015
0.09439949152348241
0.704558825645283
0.04355901740365477
0.4749048309974807
0.04385082695224462
0.7063983086636267
0.6876524212864137
0.0433434593993972
0.461297253156556
0.04299271694748433
0.6857852416254923
0.09656474603576115
0.7808091429678748
0.02908307110006863
0.7817273745049962
0.09606642467803578
0.4933241351841727
0.04110824228259832
0.7989549038327008
0.04113334430929314
0.4932748738835566
0.09642785324958193
0.7815473033684337
0.02931031874862578
0.7807612918336861
0.0970655057100818
0.6869681190163797
0.04340739167349258
0.4608840173095672
0.04375528750047761
0.6888219313173601
0.6696840140541096
0.04369115701733151
0.4479564478457185
0.04329628486707024
0.6678087458434828
0.09897013896499249
0.7826395566659208
0.02925253832837581
0.783618029210897
0.09850549010758106
0.4845307467517883
0.0412366852164521
0.8033566400527393
0.041259490943166
0.4844841504681865
0.09868750578134097
0.7833870271705251
0.02954801449260937
0.7825459159989188
0.09929191030416756
0.669115920757648
0.04374771664025061
0.4476260891614025
0.04413986463681363
0.6709770699119337
0.6515198915537005
0.04444266884545539
0.4354364005814195
0.04401635359547378
0.6496426614891398
0.1009470976284686
0.7842347936673879
0.02969174176936456
0.7852730116695502
0.1005121604982572
0.4763442902131998
0.04072097857772668
0.8075990662556172
0.04074291741407321
0.4763010509456551
0.1005256141699235
0.7849894469907982
0.03003008466699976
0.7840933431382461
0.101102702833417
0.6510757761852003
0.04449996109053442
0.43519297129607
0.04492397206996024
0.6529374126049194
0.6332342593164161
0.04544157276890341
0.4238037429761901
0.04499494210960513
0.6313611008844695
0.1025393078154409
0.7855801653621969
0.03029051160746084
0.7866772175833388
0.1021257756008991
0.468787939578169
0.03972341662253946
0.8116538630990159
0.03974638043961044
0.4687487899147464
0.1019937303449868
0.7863402607967321
0.03062799329969703
0.7853895473095834
0.1025534718594503
0.6329200520509064
0.04550515407101674
0.4236515205997877
0.04595008012011789
0.6347754726457071
0.6149001862220989
0.04648968347171949
0.4131284147375924
0.04603060364817706
0.613037061117323
0.1038082405025766
0.7866594469520999
0.03087053657894058
0.7878141082507628
0.1034051141004523
0.461872367733667
0.03854079561341284
0.8154946353102742
0.0385662474317173
0.4618379928493235
0.1031579902890582
0.7874236873627987
0.03115874079994177
0.7864188611782947
0.1037124754383701
0.6147198448724862
0.04656178611592933
0.4130714535716616
0.04701981215724224
0.6165624937436528
0.5965892370746831
0.04738911386665848
0.403479334718476
0.04692114497997654
0.5947420819281339
0.1048167195361806
0.7874552926676656
0.03125822618863573
0.7886660926581417
0.1044119745020416
0.4555978219330753
0.03750677385136825
0.819097288117878
0.03753501689131254
0.4555687840875888
0.1040820383385725
0.7882227859475121
0.03145904951469482
0.7871643307105969
0.1046437064428956
0.5965446967273242
0.04746848249286377
0.4035209284248047
0.04793599606743511
0.5983681611552779
0.5783708743883131
0.04798220132398478
0.3949186035597334
0.04750434067375795
0.576545636997433
0.1056169183641169
0.7879498721841894
0.03135394282751397
0.7892151411392505
0.1051988670226882
0.449957585092615
0.03688643479121482
0.8224403404090268
0.03691632396228937
0.4499342709324294
0.1048151086087831
0.7887200581380174
0.03145128202904968
0.7876083672674634
0.105395428336472
0.5784621168567473
0.04806450778959112
0.3950608033490374
0.0485423657566182
0.5802601031159101
0.5603116834025976
0.04818203565467248
0.3874958171311375
0.04768930782907152
0.5585143720778412
0.1062449029306374
0.7881256532858454
0.03117324726949156
0.7894435195380242
0.1058030258006613
0.4449419322035256
0.03679705149689889
0.8255051164813528
0.03682626411309142
0.4449245288361775
0.1053873115981882
0.7888982076586073
0.03117793831452544
0.787733559768145
0.1059960867559749
0.560536911735074
0.0482608353966497
0.3877390839221693
0.04875381957090534
0.5623032325647389
0.5424744061072317
0.04798867557812983
0.3812438283462874
0.04747341013699082
0.5407111199866159
0.1067219619735156
0.7879660745495629
0.03084612220014208
0.7893344328099423
0.1062471638408643
0.4405415109177052
0.03717907479014517
0.8282758036069349
0.03720486358776003
0.4405299994013181
0.105812187307169
0.788740812347609
0.03079287834054298
0.7875234333806345
0.1064575243276885
0.5428302946544307
0.04805668986125608
0.3815869236358093
0.04857227020834967
0.5445588487996917
0.5249167394744719
0.04748887946761617
0.3761769394257346
0.04694246603569317
0.5231937025499735
0.1070612409703752
0.7874558849699591
0.03057481531652555
0.7888723250580296
0.1065456188824342
0.4367492051387107
0.0378243154010299
0.8307392826992621
0.03784448580562728
0.4367433845386042
0.1060948444750844
0.7882326435920113
0.0305124031969762
0.7869628187519896
0.1067836301152275
0.5253987542118363
0.04753950241179576
0.3766170323974025
0.04808614099485142
0.5270835212589524
0.5076903251683434
0.0468407817289319
0.372291998452767
0.04625553162940357
0.5060138981917512
0.1072774615695798
0.7865812771557504
0.03056513684948289
0.7880429907792559
0.1067137104540157
0.4335603470628481
0.03845009738806511
0.8328849396809948
0.03846384162388636
0.4335598586900533
0.1062430385056804
0.7873598062482157
0.03054289220522644
0.7860380636264511
0.106981724784833
0.5082930518005083
0.04686943836167577
0.3728249051047616
0.04745471351666766
0.5099280803753108
0.490839788467316
0.04624681420109634
0.3695716508454619
0.04561767314005685
0.4892164657516165
0.1073965153593909
0.7853296821417223
0.03095430366378116
0.7868333719925125
0.1067772391503035
0.4309713862291693
0.0387940271273735
0.8347043164974496
0.03880232114789635
0.4309757403879584
0.1062778998335007
0.7861095324538383
0.03100906539161351
0.7847368557336665
0.107073324345322
0.491557252522653
0.04625205161267089
0.3701921591625271
0.04688091513755727
0.493136650786796
0.4744020575233508
0.0459203961368387
0.367988890505207
0.04524624836263262
0.4728384638300703
0.1074624399867789
0.7836895067177128
0.0317594438260957
0.7852313426688986
0.1067795540235491
0.4289778776969518
0.03869887701427185
0.8361907077047033
0.03870428533075437
0.4289864948568218
0.1062415695007354
0.7844699689939676
0.03190664930402538
0.7830479634677342
0.1071015632318213
0.4752280063974167
0.04590456817908868
0.3686910259500181
0.04657800870521123
0.476745920793747
0.4584062162344441
0.0460525180842672
0.3675117330424945
0.04533686042789761
0.4569090866494047
0.1075399424741027
0.7816501530665287
0.03286413211026272
0.7832257613731759
0.1067843677154698
0.4275729124423752
0.0381613590168577
0.8373387963584979
0.03816728131713566
0.4275851572489535
0.1061998794627913
0.7824302221403435
0.03309531063189693
0.7809612502803293
0.1071335043590236
0.4593343314607041
0.04602192351031738
0.3682888917190585
0.04673620795829084
0.4607849248341881
0.4428737640976991
0.04678366120415346
0.3681067776289053
0.04603458560401956
0.441449941734847
0.1077116777579221
0.7792023855239704
0.03404796721517486
0.780806891175454
0.1068733912972707
0.4267467213229631
0.03733055397000998
0.8381443207856798
0.0373401526472288
0.4267619589037808
0.106239294902317
0.7799807705327098
0.03433499498837767
0.7784680322506594
0.1072566552724221
0.4438978207791486
0.04674820349758223
0.3689517540446702
0.04749487799246833
0.4452752396411715
0.4278194611695615
0.04818543797180073
0.3697411130731462
0.04741490933347281
0.4264758803533391
0.1080707173653714
0.7763391745117368
0.03505085935726185
0.7779672613137596
0.1071391811628606
0.4264878785958758
0.03645779829781792
0.8386038561563227
0.03647294464267649
0.4265055440803556
0.1064586745087468
0.7771143490277348
0.03535524231841854
0.7755619137628313
0.1075703124421505
0.4289334275290929
0.04815781610052441
0.370646002593602
0.04892442097874759
0.4302317638736373
0.413252488084117
0.05025411766880518
0.3723823063510385
0.04947666281535046
0.4119961685189373
0.1087094513141574
0.773056776371336
0.03565243671500717
0.7747027420300459
0.1076743706958375
0.4267856757349933
0.0358145428650247
0.8387146782463178
0.03583511500901095
0.4268053282653247
0.1069572481788326
0.7738270613530736
0.03593654569044652
0.7722398483157371
0.108173198439044
0.4144506036339418
0.05024865199543724
0.3733383914653711
0.05102005203002964
0.415663849022849
0.3991780812123041
0.05291619327804286
0.3759971390945891
0.05214720620804097
0.3980161165609694
0.1097069598321204
0.7693560030589542
0.03574213078782804
0.7710137892107483
0.1085592856467421
0.4276329283770223
0.03560444136088051
0.8384748714992609
0.035628233003571
0.4276543233421574
0.1078210591336473
0.7701196540021815
0.03597899474898118
0.7685034151255558
0.1091496879561726
0.4004549279826171
0.05294745833950761
0.3769948499288691
0.05370759168061427
0.4015769347996812
0.3855993122031482
0.05604405380666226
0.3805497505596979
0.05529797056552462
0.3845388566503006
0.1111168872516445
0.7652433012712681
0.03535783328778264
0.7669064721587865
0.1098499656402197
0.429028104152074
0.03589725898297552
0.8378835899040974
0.0359205579671083
0.4290512236783318
0.1091100116617608
0.765998607723527
0.03553669360621309
0.7643598994165542
0.1105567752490583
0.3869499068640239
0.05612543115816928
0.3815787476386183
0.05685921071510998
0.3879743673881153
0.3725188799724341
0.05947840120160262
0.3860000100194287
0.05876700300450931
0.3715671218810773
0.1129577427033913
0.7607314756074961
0.03468042386803256
0.7623931675138692
0.1115684781213407
0.4309759532237588
0.03660552266732019
0.8369414604738803
0.03662420797963965
0.4310010190884539
0.1108475661522161
0.7614768712395109
0.03480672095574819
0.7598230115341447
0.1124138246435163
0.3739387943142687
0.05962070510367021
0.3870494273090025
0.06031578585915045
0.3748592650520191
0.3599407439460202
0.06305333842348436
0.3923026259964764
0.06238443142500071
0.3591048427028728
0.1152070409824229
0.7558399418304546
0.03398469221821524
0.7574928343347854
0.1136969260561143
0.433486338446567
0.03751158615254292
0.8356510548358748
0.03752242566344385
0.4335137694406966
0.1130145091889833
0.7565741593180264
0.03407497385573005
0.7549131193879067
0.1146965440943401
0.3614262329337553
0.0632636391326345
0.3933614239508813
0.06391179927826983
0.3622361801503184
0.3478714285436236
0.06662000934183748
0.3994071354513944
0.06599666598948706
0.3471584142151765
0.1178000550629305
0.7505945559858505
0.03356040790056128
0.7522309147117355
0.1161759281508831
0.4365715314907111
0.03833703279215552
0.8340173262025936
0.03833878957867831
0.436601881353655
0.1155475898257724
0.7513168203749954
0.03363421380615964
0.7496570539716394
0.1173360203067463
0.3494195523046086
0.06690083247000472
0.4004644856904558
0.06749875527919366
0.3501124589740223
0.3363208533815824
0.07006535229742122
0.4072585564269023
0.0694858156015762
0.3357375035733255
0.1206333544574109
0.7450270978348011
0.03362643844991249
0.7466388822572525
0.1189076968023206
0.4402426591840418
0.03883279721070342
0.8320478854267888
0.03882679620280156
0.440276525896881
0.1183430815745052
0.7457373299356672
0.03369800464631122
0.7440875150152985
0.1202227733841002
0.3379295781833941
0.0704142767283224
0.40830415562162
0.07096364757267611
0.3384990665152543
0.3253026845615265
0.07332346031793675
0.4157983808253531
0.07278170827629418
0.3248553767591288
0.123572665639123
0.7391744618624885
0.03426323513664364
0.7407535236217051
0.1217633620261546
0.444506114676012
0.03886144753703762
0.8297530563203599
0.03885143378815246
0.4445440644717166
0.1212648661770223
0.7398734618221304
0.03433596514368297
0.7382421898472814
0.1232154234947201
0.3269709480610159
0.07373323477090785
0.4168226375951282
0.07424013139502472
0.3274109063550291
0.3148342140934265
0.07637843241004263
0.4249656407665633
0.07586533236643225
0.314528795879863
0.1264642479729578
0.7330775980685851
0.03538422868218571
0.7346159548869997
0.1245937455973278
0.4493606212813941
0.03844504714664274
0.8271457179962198
0.03843637104985282
0.449403121389241
0.1241561024196897
0.7337671761537641
0.03544969813634737
0.7321625992257967
0.126152939934488
0.3165619488359578
0.07683757081866442
0.4259596961273514
0.07731126090727816
0.3168666507336571
