0.9999000040662882
9.972698154628875e-05
0.9999000057084224
9.987673555938423e-05
9.972698169624184e-05
0.9999000118039298
9.951762674222325e-05
0.9999000057078457
0.9999000057078614
9.951762689555327e-05
0.9999000118039161
9.972698172247282e-05
9.987673300965824e-05
0.999900005708137
9.972697820801981e-05
0.9999000040660856
0.9996000651197237
0.0004059691652997847
0.9996008335902773
0.0003980592204092236
0.0003954593522106839
0.9995897264890738
0.0003918546356301674
0.999600083862766
0.9996000885812902
0.0003920431461476652
0.9996001753169803
0.0003956464648936093
0.0003980308449414782
0.9996000832927214
0.0003956464721586899
0.9996000651229527
0.9991003301416166
0.0009147376540183896
0.9991018171220041
0.0008901189439888177
0.000869481567678889
0.9990607495988439
0.0008609154471328472
0.9991009393316382
0.9990991900967222
0.0008548738408392278
0.9990997909212096
0.0008780294859265956
0.0008899715572354831
0.9990999664108751
0.0008779954407843808
0.9991003285846842
0.9984010456626942
0.001501004969811958
0.998402119362477
0.001568782438599455
0.001348257622513799
0.9983478300722517
0.001479723444132602
0.9984027538871156
0.9983987495363912
0.001475456279992423
0.998402399652734
0.001531370210109034
0.001568738577428085
0.9984013379563188
0.001531236611739859
0.9984010396003546
0.99750256128226
0.002311981826998661
0.9975046191868084
0.002424055452621476
0.002041386932694513
0.9974464726685782
0.002212340755910726
0.9975042777261618
0.9974986247566286
0.002210230610353818
0.9975072007093702
0.002334004186772367
0.002423951894755408
0.9975035584317429
0.002333947441305094
0.9975025623240041
0.9964053350277188
0.003250922198406121
0.9964090812695898
0.003443351303935645
0.002894523595900523
0.9963486368868425
0.00301644381981622
0.9964080144019561
0.9964010606035522
0.003014939791352448
0.9964153673251734
0.003260009029700112
0.003443181859305193
0.9964075076499237
0.003259959676484764
0.9964053404007199
0.9951099377305048
0.004282347117993105
0.9951162827269082
0.004611704870712019
0.003865888744741415
0.9950562832603244
0.003846222748186218
0.9951144077347603
0.9951064090140018
0.003845064440756735
0.995128810790211
0.004279304358085723
0.00461148989573585
0.9951140578749862
0.004279246546840198
0.9951099523211017
0.9936170583959576
0.005372862063455454
0.9936272420435991
0.005912010094938123
0.004918820070296335
0.9935719559741727
0.004654352644734606
0.9936244231032718
0.9936155900105966
0.004653486112378775
0.9936495571887904
0.00535890843485499
0.005911764535936961
0.9936242085004514
0.005358834203470468
0.9936170907623101
0.9919275094880763
0.006487991778691063
0.9919431713836897
0.007325293823288874
0.006017242736395896
0.991898431343242
0.005394987614392063
0.9919392188531269
0.9919297476683171
0.005394497280920178
0.9919799761663155
0.006464038547336966
0.007325029569681442
0.9919391425243564
0.00646394583098873
0.9919275723156955
0.9900422317043782
0.007592478223401722
0.9900654690600513
0.008831019545833318
0.007124833289982499
0.9900387276656157
0.006026421693609703
0.9900601556419193
0.9900502646406862
0.006026300943532438
0.9901227442364844
0.007559288214432146
0.008830747681124884
0.9900602232796082
0.007559174070913374
0.9900423422213338
0.9879622977403825
0.008651574514138264
0.9879957290464404
0.01040741261385034
0.008205739281328395
0.9879961573817031
0.006513505963974618
0.9879887895078912
0.9879787304894523
0.006513748771062899
0.9880808464154782
0.008609804823610082
0.01040714652686726
0.9879890082547484
0.008609673215446539
0.9879624778633826
0.9856889145536063
0.009632156548451648
0.9857357421728492
0.01203181309803679
0.009225462090445335
0.9857743302159132
0.006829642623726246
0.9857268775021578
0.9857169345001351
0.006830148825475574
0.9858576900554549
0.009582461704102289
0.01203156471898005
0.9857272540253008
0.009582321765738953
0.9856891910618002
0.9832234239481911
0.01050394207405493
0.9832874966572693
0.01368103069319375
0.01015197296277409
0.9833771639421883
0.00695828095517387
0.9832763741091878
0.9832668542154133
0.006958977015565148
0.9834569725024788
0.01044695541303798
0.01368081156456569
0.9832769190264539
0.01044681988857051
0.9832238278402459
0.9805673009945093
0.01124043283820396
0.9806531730917354
0.01533171422982815
0.01095664593095453
0.9808088585428765
0.00689379563385424
0.9806394298925027
0.980630663184211
0.006894632190933664
0.9808826792888954
0.01117679493716677
0.0153315342573397
0.9806401577770636
0.01117668355685467
0.9805678667119863
0.977722150170946
0.01181977683455181
0.9778351369249567
0.01696071610136232
0.01161516235301089
0.9780738703936845
0.006641719428207899
0.9778183838331435
0.9778107221261512
0.00664266327868929
0.9781390691892667
0.01175016372754648
0.01696058611813321
0.9778193116217412
0.01175010078114969
0.9777229143010688
0.9746896991163785
0.0122254710975698
0.9748359281070389
0.01854545794477237
0.01210826067464011
0.9751768769143992
0.00621831468562743
0.9748157541178188
0.9748095699534626
0.00621934401155335
0.975230633583281
0.01215060626936425
0.01854538853348682
0.9748169003587345
0.01215062123490497
0.9746906987307568
0.9714717900887342
0.01244687371494109
0.971658248136129
0.0200642799766905
0.01242233012300419
0.9721227398421945
0.005649521669851288
0.9716342251466108
0.9716299104485868
0.005650622112207981
0.9721620565718329
0.01236752999569598
0.02006428123713304
0.9716356096698062
0.01236765672116616
0.9714730607098361
0.9680703692665081
0.01247950645247683
0.9683049449714647
0.02149677413123922
0.01254980330192765
0.9689164653119557
0.00496935163673823
0.9682766327358256
0.9682745972014647
0.004970513138896272
0.9689381746224968
0.0123965010538536
0.02149685559242417
0.9682782763278635
0.01239677713557739
0.9680719425607089
0.9644874742237666
0.01232514486982245
0.9647789966923558
0.02282409433355046
0.01248934270023888
0.9655631645814746
0.004217828803578417
0.9647459478357671
0.9647466172743824
0.004219043104976098
0.9655639358569327
0.01223932821175834
0.02282426494011377
0.964747871955655
0.01223979408551131
0.9644893754895482
0.9607252199992469
0.01199169487483264
0.961083494689237
0.02402923902634711
0.01224581538197947
0.9620680176357347
0.003438610685556616
0.9610452595511214
0.9610490743059438
0.003439869384580833
0.9620443619541469
0.01190393425545005
0.02402950716752563
0.9610474860969281
0.011904632070304
0.960727465568911
0.956785784300295
0.01149286438576079
0.9572216272402723
0.02509730162140034
0.01183006035955991
0.9584362421125201
0.00267643321354331
0.9571777582426643
0.9571851718413558
0.002677726240875804
0.9583845162985131
0.01140402253838379
0.02509767521981184
0.9571803092134675
0.01140499476816732
0.9567883789509274
0.9526713923537101
0.01084764355531491
0.9531966641833411
0.02601568519647591
0.01125845837132715
0.954673069648682
0.001974536431019103
0.9531467194291146
0.9531581978616538
0.001975854537227384
0.9545894824830191
0.01075855270973743
0.02601617158686253
0.9531496172553843
0.01075984096955203
0.952674326960618
0.9483843022382212
0.01007960717486717
0.9490119430600263
0.02677427844226873
0.0105523144652407
0.9507837267531672
0.001372221592675209
0.9489554891421075
0.9489715102153602
0.001373554242303973
0.9506643323694295
0.009991048294354888
0.02677488470776481
0.948958756707139
0.009992691600190878
0.9483875516668366
0.9439267911192251
0.009216081835246463
0.9446708578176183
0.02736559064277382
0.009737092891277506
0.9467734261881385
0.0009026813195318062
0.9446074711844434
0.9446285244519647
0.0009040111750254898
0.9466141139852168
0.009128761721727777
0.0273663240646858
0.9446111309508625
0.009130794308905643
0.9439303126229301
0.9393011432082449
0.008287205494594135
0.9401768498835933
0.02778484399344284
0.008841530131120733
0.9426473705674037
0.0005912267902056409
0.9401061166480689
0.9401327046376291
0.0005925321912588542
0.9424438588556855
0.008201726720946462
0.02778571199046334
0.9401101908860816
0.008204176692071494
0.9393048753218189
0.9345096399367041
0.007324900417882699
0.9355334018165864
0.028030022564242
0.007896645138540256
0.9384107594711384
0.0004540046670941439
0.9354549157674509
0.9354875560349087
0.000455259378846941
0.9381585852375804
0.007241734891303258
0.02803103283279079
0.9354594266840331
0.007244622443552211
0.934513502041011
0.9295545529151459
0.006361807213187524
0.9307440332628504
0.02810187771403261
0.006934693524337291
0.934068804539237
0.0004972688808424976
0.9306573920619458
0.9306966200849037
0.0004984419190895989
0.9337633042985101
0.006281270872591566
0.02810303840209143
0.9306623590232852
0.006284606929327911
0.9295584454754876
0.924438140091788
0.005430217559484545
0.92581229931116
0.02800389049011465
0.005988103147128145
0.9296267505448101
0.0007172366963807658
0.9257170984721583
0.925763471605501
0.000718292768206741
0.9292630384668191
0.005352444050333912
0.02800520976357364
0.9257225371697154
0.005356228723498481
0.9244419458329681
0.9191626452974926
0.004561038770254947
0.9207417900859332
0.02774219212530284
0.00508842386190232
0.9250898977659677
0.001100522097523467
0.9206376152982644
0.9206917177631559
0.001101424547625204
0.9246628387540959
0.0044859521926068
0.02774367770000003
0.9206435445569239
0.004490173546631721
0.9191662310867436
0.9137303014738098
0.003782825430964006
0.9155361317460886
0.02732544455171486
0.004265328254485794
0.9204636249564732
0.001625107816210915
0.9154225491712951
0.9154849979577142
0.001625819655852497
0.9199678149082156
0.003710110900145702
0.02732710396552402
0.9154289877163445
0.003714744525728441
0.913733520853065
0.9081433374849218
0.003120910656753108
0.910198987636891
0.02676468323843539
0.003545696841248964
0.9157534083476362
0.002261785729749989
0.9100755327708905
0.9101469865286058
0.002262271245120392
0.9151831568946633
0.003049981641454012
0.02676652484884755
0.9100824955795522
0.00305499045965916
0.9081460339298784
0.9024039883674531
0.002596662914793086
0.90473405896065
0.02607312546640136
0.002952815752071431
0.9109648335998232
0.002975970580399307
0.9046002247507918
0.9046813920277428
0.002976195957166317
0.9103141601533923
0.002526624593594188
0.02607516450990609
0.9046077236461227
0.002531957815063924
0.9024059996765521
0.8965145088385029
0.002226890415455868
0.8991450841431796
0.02526594665799138
0.002505710956149732
0.9061035927367169
0.003729770876376233
0.899000309312409
0.8990919497085166
0.003729708983803804
0.9053662244332149
0.002156498466785519
0.02526819532520896
0.899008358284618
0.002162092943330053
0.8965156708373009
0.8904771893955725
0.002023413788991843
0.8934358357889789
0.02436003057393642
0.002218643230840248
0.9011754655545872
0.004484194251753632
0.8932794949994779
0.8933824261512718
0.004483825838724463
0.9003448858413026
0.00195102514420279
0.02436250105155798
0.8932881070306282
0.001956805624281856
0.8904773413798336
0.8842943747674149
0.001992810309643225
0.8876101143428543
0.02337369533553437
0.002100769325280877
0.8961862715965837
0.005201354842342639
0.887441512525474
0.8875566103764623
0.005200670875331171
0.8952558163984996
0.001916329326558367
0.02337639974708194
0.8874506994600727
0.001922209678855167
0.884293364451373
0.8779684836213874
0.002136336254315987
0.8816717367276086
0.02232640163328757
0.002155979676329731
0.8911417854177006
0.005846557952844509
0.8814901114898965
0.8816183028471475
0.00584556123516292
0.8901048232771148
0.00205315871142447
0.0223293515419681
0.8814998844567958
0.002059043372560498
0.8779661722698109
0.8715020293094391
0.002450020910854759
0.8756245185587173
0.02123844744572267
0.002382909382856581
0.8860476033765924
0.006390146575028351
0.8754290558735494
0.8755712984675408
0.00638885291742265
0.8848978427883296
0.002356982811179941
0.02124165312003906
0.8754394250640487
0.002362768600346965
0.8714982967810366
0.8648976404512436
0.002924918264321757
0.869472247836147
0.02013065452724891
0.002775111945830029
0.88090894855612
0.006809012383282012
0.8692621185338051
0.8694193613061891
0.006807451075974464
0.8796409257609339
0.002818263185073341
0.02013412453311899
0.8692730930371897
0.00282384143317309
0.864892389879646
0.8581580806297339
0.003547493823135961
0.8632186483084355
0.01902405203701493
0.003321376425420597
0.8757304060629356
0.007087696101072289
0.8629930748612091
0.8631661893823726
0.007085909571200644
0.8743402163889629
0.003422882034225667
0.01902779270078368
0.8630046624807525
0.003428140934674788
0.8581512426259081
0.8512862663906849
0.004300115775593548
0.8568673317507269
0.01793956268430923
0.004006159901065279
0.8705155953185787
0.007219028113420036
0.8566256959452505
0.8568153685750112
0.007217070736245446
0.8690019250579233
0.004152711007128407
0.0179435775326602
0.8566379028280707
0.004157538096001568
0.8512778025431234
0.8442852827200282
0.005161615252155425
0.8504217417731934
0.01689769667709242
0.004810101370056685
0.8652668199475971
0.007204288169060351
0.8501637416370864
0.8503703180838975
0.007202224267823447
0.8636322958790765
0.004986297732699792
0.01690198584984978
0.8501765717047899
0.004990582478988261
0.844275188247999
0.8371583952646363
0.006107884618599514
0.843885098772077
0.01591825853795084
0.005710585134361516
0.859984796922642
0.007052890769158652
0.8436109539905204
0.8438342366878773
0.007050791832550599
0.8582375704060332
0.005899644217325755
0.01592281820234635
0.8436244078665623
0.005903280726836381
0.8371467007083089
0.8299090586550615
0.007112503213141557
0.8372603669306162
0.01502007121739032
0.00668233876423085
0.8546686499170117
0.006781628628842011
0.8369710517435092
0.8372100701458437
0.00677956971118977
0.8528239499573615
0.006867048937691334
0.01502489308326179
0.8369851247988314
0.006869938705153582
0.8298958304798757
0.8225409204159941
0.008147421022188992
0.8305502765000377
0.01422072085833998
0.007698088253318298
0.8493164175732799
0.006413528725284755
0.8302477267441107
0.8305005323108954
0.006411584199005663
0.8473975602543405
0.007861983148531239
0.01422579190181917
0.8302624063716582
0.007864037682755818
0.822526260383303
0.8150578200937209
0.009183780899959122
0.8237574373471115
0.01353632411798615
0.008729342477059056
0.8439262821248956
0.005976393278475155
0.8234446435498701
0.8237082155556577
0.005974632680183458
0.8419644235147675
0.008857971483654428
0.01354162660069184
0.8234599067764891
0.008859114686384601
0.8150418633053106
0.8074637834071219
0.01019297789854025
0.8168845562571168
0.01298131871232555
0.009747403608790534
0.8384984558442931
0.005501112857456272
0.8165654433696022
0.816835803534081
0.005499597850991743
0.8365304437252948
0.009829447559122578
0.01298683060740056
0.8165812567438524
0.009829617919225932
0.8074466950219503
0.7997630114201049
0.01114798250513939
0.8099347129964862
0.01256827804678387
0.01072464337351428
0.833037180902642
0.00501985203911028
0.8096137528803711
0.8098863436213531
0.00501863459513353
0.8311014070925921
0.01075255726014131
0.01257397408549459
0.8096300757231346
0.01075170974494549
0.799744982337896
0.7919598649162941
0.01202478310033459
0.8029115860379562
0.01230775309576001
0.01163592883273665
0.827551900880639
0.004564218471754651
0.8025931971899752
0.8028634727484245
0.004563339672821526
0.8256829928824841
0.01160588490951453
0.01231360652793536
0.8026099862980399
0.01160399244215237
0.7919411069629264
0.784058844331226
0.01280363777655869
0.7958195086937161
0.0122081476669335
0.01245991554946215
0.8220568149802834
0.004163528888422596
0.7955074148142964
0.7957714786309127
0.004163018253688927
0.8202807834781716
0.01237108087570523
0.01221413244414787
0.795524627768194
0.01236813554874674
0.784039584897939
0.7760645657667662
0.01346983119994006
0.7886633155560328
0.0122756336427399
0.01317990800018924
0.8165688399942032
0.003843274932796534
0.7883600721586542
0.7886151545774736
0.003843150333249829
0.814900262444149
0.01303337337462458
0.01228172642631555
0.7883776688673794
0.01302938731376004
0.7760450415042759
0.767981733811943
0.01401384395174461
0.7814480573593854
0.01251410911329438
0.01378416850558069
0.8111049026989612
0.003623868014111935
0.7811548762020704
0.7813995223772781
0.003624135831066412
0.8095467972332224
0.01358195137129638
0.01252029064099696
0.7811728193687749
0.01357695698716376
0.7679621834690417
0.7598151120430771
0.01443109184595114
0.7741787223670714
0.0129251969875291
0.01426579398595325
0.8056797232193699
0.003519714603086502
0.7738955858053662
0.7741295583390629
0.003520369772005351
0.8042256125211975
0.01401020996998747
0.01293145266285006
0.7739138406487569
0.01400425957106643
0.7597957689410744
0.7515694921582543
0.01472149148225845
0.7668600662646679
0.01350827866445493
0.01462239097101152
0.8003047376058741
0.003538650652603881
0.766586022889438
0.7668100237034541
0.003539676587052017
0.7989417638200347
0.01431585452855919
0.01351459842657849
0.7666045565202921
0.01430901951149455
0.7515505767492673
0.7432496627999469
0.01488903575073232
0.7594965713045783
0.0142605577921617
0.01485572811136138
0.7949881017201492
0.003681747204008095
0.7592300841853364
0.7594454213734518
0.00368311582594985
0.7937001183748135
0.0145008647302904
0.01426693544749889
0.7592488651160505
0.01449323449412804
0.7432313756232631
0.7348603791317221
0.01494143327127458
0.7520924966394177
0.01517715112637995
0.01497142922946253
0.7897353278836576
0.003943484211639753
0.7518317532769796
0.7520400426478056
0.003945156320181909
0.7885053456443342
0.01457132434971226
0.0151835834015891
0.751850751234675
0.01456300494425349
0.7348428943775906
0.7264063342148465
0.01488977896484838
0.7446519675961647
0.01625120494561931
0.01497868526276748
0.7845500993605893
0.004312272891877641
0.7443951119593297
0.7445980529446363
0.004314199009282184
0.7833619157519991
0.01453712650523856
0.01625769052122433
0.7444142978026979
0.01452823891512005
0.7263897940470031
0.7178921331660276
0.0147482005511354
0.7371790655725259
0.01747403575915539
0.01488993691647838
0.7794349855511402
0.004771289079314848
0.7369243497414013
0.7371235787075056
0.004773410796815557
0.7782741016539965
0.01441156769664066
0.01748057445129557
0.7369436952389999
0.01440224568074085
0.7178766429389297
0.709322270982305
0.01453344175048056
0.7296778999287883
0.01883529357179433
0.01472049104691381
0.774391957651853
0.005299563569633353
0.7294237705362172
0.7296207769112437
0.005301815324374974
0.7732459804063379
0.01421084693492427
0.01884188570887133
0.7294432480004656
0.01420123446505606
0.7093078955179577
0.7007011147957984
0.01426436838441555
0.7221526573110846
0.02032314530030157
0.01448805622716153
0.7694227099640351
0.005873262379309845
0.72189779598665
0.7220938824696891
0.005875573567785276
0.7682814313448052
0.01395348879557832
0.02032979127178879
0.7219173779043707
0.01394373722527304
0.7006878759129705
0.6920328911653438
0.01396140377705275
0.7146076307708085
0.02192447537404095
0.01421220202678636
0.7645288327730948
0.006467081390509513
0.7143509652433786
0.7145472357565145
0.006469378737071999
0.7633841317059878
0.01365971107655952
0.02193117532190356
0.7143706239920342
0.01364997616324136
0.6920207666298324
0.6833216788314993
0.01364591181365243
0.7070472332169868
0.0236251001745061
0.01391375850050105
0.7597118870183858
0.007055676246821043
0.7067879312657892
0.7069852946618966
0.007057886351200765
0.758557551175439
0.01335075878188121
0.02363185381054055
0.7068076389187901
0.01334119764723527
0.6833106028207296
0.6745714071675143
0.01333955139094191
0.6994759996305813
0.02540999275358441
0.0136141782670203
0.7549734210897444
0.007615049418164683
0.6992134539091064
0.6994126355528221
0.00761710139677506
0.7538049466824923
0.01304822641481089
0.02541679928951296
0.6992331821115338
0.01303899450537617
0.6745612722499582
0.6657858603602145
0.01306362720517143
0.6918985816090587
0.0272635141784255
0.01333488540786831
0.7503149577823839
0.00812382164494985
0.691632390224199
0.6918339466890751
0.00812564977108759
0.7491293584928758
0.01277339011890271
0.02727037234781692
0.6916521101424304
0.01276463822151795
0.6657765209101969
0.6569686871576486
0.01283846070623141
0.6843197369059931
0.02916964785036033
0.01309663489630984
0.745737969248421
0.008564323944933698
0.6840496825246805
0.684254016772901
0.008565870188521871
0.7445336085051882
0.01254657009708404
0.02917655598963679
0.6840693649013284
0.01253844146241422
0.6569599640749852
0.6481234158300454
0.01268280272012878
0.6767443159169597
0.03111223321772535
0.01291890444248432
0.7412438506119378
0.008923458336719124
0.676470344857043
0.6766777206118509
0.008924674699615375
0.7400203015390769
0.01238654202478083
0.03111918936387452
0.6764899602137163
0.01237916965280806
0.6481151024127001
0.6392534738153597
0.01261330630979216
0.6691772465606238
0.03307519543739917
0.01281933810647503
0.7368338983124638
0.00919328961282668
0.6688994485411323
0.6691100033769515
0.009194140141544148
0.7355918302622433
0.01231001393170224
0.03308219739689699
0.6689189675533768
0.01230351807398751
0.6392453426296785
0.6303622113649111
0.0126440752127119
0.6616235186582903
0.0350427677306618
0.01281325810206014
0.7325092964627402
0.009371346025970791
0.6613421074302014
0.66155586459159
0.009371808355181761
0.7312503842356864
0.01233118235480979
0.03504981308087497
0.6613615014491945
0.01232566828875477
0.6303540219502978
0.6214529283730906
0.01278629983040189
0.654088168666058
0.03699970341950186
0.01291325806826786
0.7282711129028528
0.009460622754487251
0.6538034634801733
0.6540203427331381
0.009460689001707955
0.7269979633466978
0.01246137857232859
0.03700678942274675
0.6538227051125824
0.01245693470154686
0.6214444355870258
0.612528903471169
0.01304798936359411
0.6465762654120477
0.03893147491307795
0.01312888784788726
0.7241203057213887
0.009469297633876758
0.6462886731277716
0.6465085011186316
0.009468974461731568
0.7228363955965301
0.01270881253651941
0.03893859835403272
0.6463077367405607
0.01270550886395591
0.6125198662158697
0.6035934243899912
0.01343380539371999
0.6390928972982604
0.0408244572332557
0.01346643659565196
0.7200577404309079
0.009410183101875184
0.6388028948681131
0.6390254155340778
0.009409490842779641
0.7187673587896731
0.01307841885247411
0.04083161422852356
0.6388217568818803
0.01307630585009647
0.6035836143748516
0.5946498185497726
0.01394499912160667
0.6316431612164897
0.04266609401451292
0.01392881797052835
0.7160842174550965
0.009299950934342983
0.6313512782980883
0.6315761638259166
0.009298921870321789
0.7147924052338799
0.01357180590115629
0.04267327988155603
0.6313699171653665
0.01357091375999208
0.5946390286813563
0.585701482815842
0.01457945169731149
0.6242321532028072
0.0444450442765127
0.01451555837017479
0.7122005090401325
0.009158176615656995
0.6239389547305834
0.6241658174277536
0.009156852764617175
0.710912988327835
0.01418730603902993
0.04445225356593865
0.6239573505666618
0.01418764424933406
0.5856895348476507
0.5767519113764428
0.01533181460172457
0.6168649606615284
0.04615130863596418
0.01522288664861559
0.7084074043598039
0.009006257718340745
0.6165710292542298
0.6167994346209669
0.009004688598436346
0.7071304899600954
0.01492012178783685
0.04615853538310804
0.616589163234937
0.01492167900909198
0.5767386626146296
0.5678047207585285
0.0161937446906829
0.6095466558325098
0.04777633398904466
0.01604392134623915
0.7047057613923202
0.008866265229502436
0.6092525738533823
0.6094820551999134
0.008864505904343687
0.7034462476170122
0.01576256020407595
0.04778357212814878
0.6092704276624971
0.01576530442735486
0.5677900697866552
0.5588636710844369
0.01715422619731609
0.6022822899784862
0.04931309605228306
0.01696894906537231
0.7010965634003858
0.008759788211560005
0.6019886210335271
0.6022186959896992
0.008757897619772139
0.6998615797523946
0.01670434534551224
0.04932033985155652
0.602006176644901
0.01670822435695538
0.5588475624947008
0.5499326827715925
0.01819996981374029
0.5950768875207647
0.05075615949202675
0.01798578536136022
0.6975809762866121
0.008706830528592046
0.594784157342612
0.5950143463635494
0.008704869944239817
0.6963778077276241
0.01773299692191646
0.05076340387374073
0.594801397239016
0.0177379390309302
0.549915110782294
0.5410158480035437
0.01931587686289714
0.5879354391639446
0.05210171569179455
0.01908020732173469
0.6941604014566963
0.008724813847632877
0.5876441161627178
0.5878739627101468
0.008722845329992481
0.6929962728484046
0.01883426174488955
0.05210895634959407
0.5876610239240484
0.01884017672732925
0.540996858724164
0.5321174364607796
0.020485554262653
0.5808628929905721
0.05334759849784333
0.02023644459228616
0.6908365176758944
0.008827734122558304
0.5805733691549022
0.5808024607674727
0.008825818856862429
0.6897183474462905
0.01999258350157853
0.05335483176919083
0.5805899302801976
0.01999936380465337
0.532097128523751
0.5232418949826074
0.0216918634227942
0.5738641425592934
0.05449327854634258
0.02143771288727196
0.6876113048349164
0.009025509722102311
0.5735767158103782
0.5738047048204016
0.009023706163771534
0.6865454392009975
0.02119159577465523
0.0545005010769843
0.5735929185954369
0.02119911821175845
0.5232204183195031
0.5143938410322512
0.02291748367471508
0.5669440112016241
0.05553983701185736
0.02266677123562752
0.6844870428038697
0.009323548746405976
0.5666588706781792
0.5668854929519631
0.009321910532982276
0.68347898789956
0.02241462321623697
0.05554704538423547
0.5666747069427006
0.02242275147399336
0.5143713937492878
0.505578050056387
0.02414546882269148
0.5601072320194707
0.05648991982876563
0.02390648186203055
0.6814662802451408
0.009722551427664207
0.5598244479336496
0.5600495378710912
0.009721125208070013
0.680520453883761
0.02364517633111651
0.05649711040328202
0.5598399134847464
0.02365376439281189
0.5055548736643483
0.4967994370446981
0.02535977459272126
0.5533584235458539
0.05734767363002618
0.0251403503446358
0.6785517716743693
0.01021855147402055
0.5530779430138186
0.5533014432791924
0.01021737502549521
0.6776712979711796
0.024867426171443
0.05735484269697239
0.5530930379324357
0.02487632226966513
0.4967758105893375
0.4880630327694603
0.02654573580506048
0.5467020615448047
0.05811866482640005
0.02635302420771079
0.6757463854613701
0.01080318845868656
0.5464237111972313
0.5466456761897672
0.01080228946124155
0.6749329536231541
0.02606664613074832
0.05812580885596896
0.5464384401017734
0.02607569650726149
0.4880392664414729
0.4793739553309264
0.02769047531470475
0.5401424478548325
0.05880978341258011
0.02753073077603085
0.6730529895953297
0.01146419240045222
0.5398659433291201
0.5400865360331299
0.0114635879824093
0.6723067929884752
0.02722960910753061
0.05881689904830721
0.5398803155908429
0.02723866100834903
0.4793503838642009
0.4707373777958373
0.02878323184838834
0.5336836774763507
0.05942913322763616
0.02866163975949493
0.6704743252454826
0.01218605195081059
0.5334086392580248
0.5336281217512117
0.01218574887229194
0.6697940887635914
0.02834492991431622
0.0594362168463376
0.5334226689550252
0.02835383367871488
0.4707143536423534
0.462158492875714
0.02981559999555947
0.5273296052930674
0.05998591050977263
0.02973614193151525
0.6680128800665439
0.01295082955167591
0.5270555797957626
0.5272742983447875
0.01295082482536646
0.667395973815826
0.0294033448706209
0.05999295746641956
0.5270692852311382
0.02941195532344883
0.462136379009439
0.453642475707378
0.03078168172239729
0.5210838138812741
0.0604902726652525
0.03074704137018498
0.6656707732280942
0.01373908093293927
0.5208102981563538
0.5210286643942864
0.01373936272259795
0.6651134005256771
0.03039792271236055
0.06049727652089017
0.5208237009863954
0.03040610020871939
0.4536216379473212
0.4451944458629742
0.03167815382525632
0.5149495837831086
0.06095319921588906
0.03168966397084161
0.6634496620501729
0.01453083255440054
0.5146760519391216
0.5148945219509222
0.014531381241168
0.6629471018543921
0.0313242031342929
0.06096015125717878
0.5146891761493323
0.03133181461140883
0.445175244752087
0.4368194297375131
0.03250425901035432
0.5089298674517915
0.06138634689655952
0.032561888537759
0.6613506764869763
0.01530656908474339
0.5086557968156199
0.5088748499760458
0.01530735843047475
0.6608975560906001
0.03218026145321942
0.06139323614938921
0.5086686678340233
0.03218718174167746
0.4368022122096973
0.4285223244472814
0.03326172963447804
0.5030272678689847
0.06180190084655227
0.03336410847952784
0.6593743835595249
0.0160481837079329
0.5027521631176806
0.5029722822743867
0.01604918208384833
0.6589649570200425
0.03296670002246326
0.06180871462818895
0.5027648072697984
0.03297281348617312
0.4285074156904942
0.4203078643188259
0.03395465294043441
0.4972440226215479
0.06221242378288236
0.03409913225813282
0.6575207801261862
0.01673984685921385
0.4969674364809176
0.4971890906629848
0.01674101853890993
0.6571491909142817
0.03368656906889016
0.06221914868500122
0.496979880841132
0.0336917714469654
0.4202955603097492
0.4121805909545306
0.03458928556529103
0.4915819940171267
0.06263070496822078
0.03477202991778227
0.6557893096804224
0.01736875374822434
0.4913035435817734
0.4915271739472236
0.01737006026963474
0.6554498213148706
0.0343452214881103
0.06263732806302952
0.4913158161383647
0.03434942168949244
0.4121711520615599
0.404144827733066
0.03517382392969289
0.4860426656254624
0.06306961069717756
0.03538993197478206
0.6541788974260871
0.01792571746794931
0.4857620438403926
0.4859880531302165
0.01792711904748319
0.6538660821730955
0.03495010777679589
0.06307612073353908
0.4857741738123961
0.03495322937146557
0.4041384736094608
0.396204659451502
0.0357181363773712
0.4806271454667606
0.06354193792464934
0.03596178624978846
0.6526879976645519
0.01840558228444402
0.4803441277638113
0.4805728731529673
0.01840703923394878
0.6523968795309354
0.03551051868072248
0.0635483263238803
0.4803561458982276
0.03551250091329968
0.3962015652649756
0.3883639176488231
0.03623346284669558
0.4753361759287598
0.06406027254831302
0.03649807813041812
0.6513146482488652
0.01880744047516145
0.4750506223785098
0.4752824113379329
0.0188089145468018
0.6510408015905357
0.03603728427493737
0.06406653409017414
0.4750625611045073
0.03603808253876202
0.3883642115867714
0.3806261719719448
0.03673208834473054
0.4701701503625316
0.06463685373330021
0.03701052023106244
0.6500565280856458
0.01913464542547348
0.4698820039514079
0.470117092572137
0.01913610100098791
0.6497961366975278
0.03654243905124126
0.06464298690529857
0.4698938973482613
0.0365420248565016
0.3806299339350513
0.3729947277581749
0.03722699730953578
0.4651291361627418
0.06528344553138075
0.03751171824895737
0.6489110149724384
0.01939462317828569
0.4648384179320443
0.4650770111058715
0.01939602822826759
0.6486608984560629
0.03703886315550034
0.06528945257305566
0.4648503015486021
0.03703722368274119
0.3730019891801013
0.3654726298167242
0.03773151680263156
0.4602129039700235
0.06601121690264214
0.03801482072894903
0.6478752421550196
0.01959849383424578
0.4599197057798755
0.4601619586562117
0.01959982059588991
0.6476328569164185
0.03753991018778542
0.06601710360380408
0.4599316163950171
0.03753704753679771
0.3654833745832801
0.3580626722022045
0.0382589571390292
0.4554209624440522
0.066830631098935
0.03853316121071459
0.6469461527447218
0.01976052271319234
0.455125438082961
0.4553714582973626
0.01976174806551858
0.6467095745494666
0.03805903195373907
0.06683640641416756
0.4551374134998052
0.03805496218711605
0.3580768386597329
0.350767413591183
0.03882225889775962
0.4507525978577193
0.06775134521985438
0.0390799016914616
0.6461205515459849
0.01989742864567797
0.4504549531393435
0.4507048034049496
0.01989853419491573
0.6458884455560833
0.03860941024802514
0.06775702075414636
0.4504670320618943
0.03860416230307524
0.3507848976202967
0.3435891977046203
0.0394336552122813
0.4462069175700606
0.068782120607115
0.03966768643061978
0.6453951539743206
0.02002758286062474
0.4459073999674982
0.4461611007147934
0.02002855478160994
0.6451667369575753
0.03920360518239546
0.06878771002101321
0.4459196219413271
0.03919721969922534
0.3436098567976642
0.3365301780702976
0.0401043578347856
0.4417828962616298
0.06993074460487789
0.04030831485516772
0.644766631687773
0.02017013643863604
0.4414817845421082
0.4417393163744026
0.0201709651461289
0.6445416298756014
0.03985322877310895
0.06993626298762895
0.4414941898856327
0.03984575687003138
0.3365538363016297
0.329592346293856
0.04084427475441854
0.4374794236723686
0.07120396408355756
0.04101244173863748
0.6442316544108562
0.02034411705389545
0.4371770179193273
0.4374383237200468
0.02034479679392216
0.6440102594354509
0.04056865151161172
0.07120942734822078
0.4371896475540347
0.0405601535336614
0.3296188000236906
0.3227775629071204
0.0416617661909827
0.4332953524810834
0.07260743100413962
0.04178931198197182
0.6437869272924397
0.02056753664914209
0.4329919648263552
0.4332569514129203
0.02056806509807124
0.6435697518103358
0.04135874849765639
0.07261285536321913
0.4330048599336437
0.04134929276586127
0.3228065870208438
0.31608758978892
0.04256344464270359
0.4292295449180615
0.07414566018912244
0.0426465362765231
0.6434292230758969
0.02085655076453288
0.4289254912492955
0.429194030519688
0.02085692870197001
0.643217257060873
0.04223069045407331
0.07415106176577767
0.4289386927216128
0.04222035204722149
0.3161189442489908
0.3095241231078481
0.04355402338692013
0.4252809167117899
0.07582199936372724
0.043589912727903
0.6431554083947778
0.02122470752780462
0.4249765095640027
0.4252484391267066
0.02122493861673195
0.6429499766117278
0.04318978360551601
0.07582739397828539
0.424990057259561
0.04317864320171409
0.3095575595874898
0.3030888257157006
0.04463621647003062
0.4214484770334568
0.07763861143581591
0.04462329820758663
0.6429624636173423
0.02168231993871641
0.4211440198160638
0.4214191431316845
0.02168241061501879
0.6427651844291465
0.04423936102154425
0.07764401458292722
0.4211579516586834
0.0442275038326468
0.303124094086648
0.2967833579317624
0.0458106918087597
0.417731363214489
0.07959646889368881
0.04574853182040199
0.6428474958291752
0.0222359892462223
0.4174271458657328
0.4177052319611266
0.02223594869738798
0.6426602412440754
0.04538072663923666
0.07960189589644634
0.4174414968539978
0.04536824145566493
0.2968202124002703
0.2906094056998684
0.04707607759948369
0.4141288691668245
0.0816953601152877
0.04696541146636335
0.6428077447360181
0.0228883001872215
0.4138251652670043
0.4141059481116802
0.02288814038737964
0.6426326014592347
0.04661315181383937
0.08170082641720812
0.4138399664716299
0.04660013017390507
0.2906476104091867
0.2845687051700139
0.04842902083691294
0.4106404666306586
0.08393390729987345
0.04827172306748733
0.6428405814815944
0.02363770094392788
0.4103375319447662
0.4106207096076586
0.02363743670609675
0.6426798127009977
0.04793392293697795
0.08393942883661432
0.4103528095836224
0.04792045842611582
0.2846080391201536
0.2786630628584743
0.04986429538986871
0.407265818606848
0.08630959565137664
0.04966332065181674
0.6429435006117363
0.02447857222935224
0.4069638909660307
0.407249124699621
0.02447822123556725
0.6427995082966952
0.04933843743217253
0.08631518923328353
0.4069796656546387
0.0493246251132638
0.2787033240254608
0.2728943706698258
0.05137495580437781
0.4040047845961109
0.08881881336075638
0.05113425416285582
0.6431141056682483
0.02540148129657514
0.4037040849651433
0.4039909983944613
0.02540106407605298
0.6429893932633293
0.05082034431137717
0.08882449699373929
0.4037203712488999
0.05080628029510931
0.2729353792317164
0.2672646152191748
0.05295253182586912
0.400857417554994
0.09145690185238567
0.05267694062018649
0.6433500891560153
0.02639360826884436
0.4005581520700817
0.4008463306957546
0.02639314811694756
0.6432472246659021
0.05237172447652511
0.09146269492701681
0.4005749583541337
0.05235750567221416
0.2673062158038678
0.2617758810678776
0.05458725758540152
0.3978239527749851
0.09421821567745331
0.05428237312910106
0.6436492078758553
0.02743932438583099
0.397526315477974
0.3978153067296076
0.02743884724650004
0.6435707874233381
0.05398330510186425
0.09422413896665224
0.3975436444763521
0.05396902925095978
0.2618179439156834
0.2564303476723409
0.05626832852418893
0.3949047891772355
0.09709619135868028
0.05594036126857767
0.6440092548198209
0.02852089492308545
0.394608965135245
0.3948982792189294
0.02852042927113827
0.6439578667910206
0.0556447017686377
0.09710226679148572
0.3946268149429369
0.05563046793515013
0.2564727685579062
0.2512302800323125
0.05798417849834568
0.3921004637713049
0.1000834244202405
0.05763979564172003
0.6444280289306977
0.02961927399258933
0.3918066322823341
0.3920957440291919
0.02961885071354298
0.6444062188248357
0.05734468157552702
0.1000896746556014
0.3918249980966141
0.05733059128352168
0.2512729787609267
0.246178013208878
0.05972276917324713
0.3894116202429605
0.1031717537793724
0.05936892891928604
0.6449033039866086
0.03071495441969907
0.3891199579080914
0.3894083097314591
0.03071460657842003
0.6449135401552143
0.0590714402259566
0.1031782016903023
0.3891388342658396
0.05905759930670152
0.2462209305755179
0.2412759310775827
0.06147188378965063
0.3868389728248015
0.1063523526307643
0.06111566556348843
0.6454327977222777
0.03178883355140912
0.3865496563908531
0.3868366623160591
0.03178859582495945
0.6454774384222787
0.06081288605146745
0.1063590208886054
0.3865690395934839
0.06079940698906428
0.2413190243868818
0.2365264399051062
0.0632194175739471
0.384383266782187
0.1096158249118344
0.06286785250282487
0.6460141422023618
0.03282305522960786
0.3840964757431522
0.3843815263533079
0.03282296278113599
0.6460954047766476
0.0625569239829897
0.109622735860921
0.3841163660424136
0.06254392830322308
0.2365696773713027
0.2319319375634803
0.0649536573791243
0.3820452369995182
0.1129523063885999
0.06461356322841025
0.6466448565479052
0.03380178930298014
0.3817611559233027
0.3820436240310123
0.03380187606554122
0.6467647898670714
0.06429173259774687
0.1129594822803546
0.3817815591511752
0.06427935286769748
0.2319752919369084
0.2274947793603451
0.06666354361992274
0.3798255662215566
0.1163515693551226
0.06634136812300222
0.6473223232496832
0.03471191301310751
0.3795443866859824
0.3798236335726526
0.03471220962914506
0.6474827845704654
0.06600602765048939
0.1163590328278822
0.3795653152717057
0.06599440895861877
0.2275382209440872
0.223217241544807
0.06833890832543046
0.3777248444544262
0.1198031299101109
0.06804058446514082
0.6480437692041723
0.03554356332100897
0.3774467664606413
0.3777221485287128
0.03554409514045172
0.6482464063231902
0.06768930607054705
0.1198109044906306
0.377468239987829
0.067678607172801
0.2232607306006907
0.2191014835948203
0.06997068417793827
0.375743530895039
0.1232963567658875
0.06970150051726531
0.6488062522521869
0.03629053545957399
0.3754687637323999
0.3757396393441098
0.03629132094949782
0.6490524914425557
0.06933206523644533
0.1233044672095847
0.3754908092146493
0.06932245964265445
0.2191449621829824
0.2151495104393059
0.07155108059430682
0.3738819195887334
0.1268205805480555
0.07131556926134591
0.6496066536202538
0.03695051029044844
0.3736106822763414
0.3738764184566563
0.03695156003987451
0.6498976934854865
0.07092599325557906
0.1268290529772358
0.3736333342180003
0.0709176704038646
0.2151928939455611
0.2113631357971421
0.07307372409117867
0.3721401098246414
0.1303652025510412
0.07287556851147803
0.6504416764118138
0.03752510102291274
0.3718726313480067
0.3721326099828809
0.0375264173648401
0.6507784875176499
0.07246412685553505
0.1303740644784
0.3718959315391778
0.07245729334344249
0.2114063046117565
0.2077439477955845
0.07453376129086428
0.3705179820470387
0.1339198019242405
0.07437572522826646
0.6513078501142333
0.03801971818463101
0.3702545016126874
0.3705081248007856
0.03802129535798847
0.6516911800587157
0.07394097433412185
0.1339290822904579
0.3702784985605809
0.07393585506283042
0.2077867397032895
0.2042932779602514
0.07592792394581876
0.3690151797858214
0.1374742402779405
0.0758118028690065
0.6522015408936948
0.03844326008438669
0.3687559472651253
0.3690026415601956
0.03844508480989334
0.6526319243346423
0.07535260185766675
0.1374839695919617
0.3687806951830995
0.07534944091549964
0.2043354817663699
0.201012174559653
0.07725455626544742
0.3676310978128141
0.1410187627182583
0.07718115152049013
0.6531189672370901
0.03880764401078406
0.3673763744821628
0.3676155938628604
0.03880969633176817
0.6535967402829279
0.07669668225356707
0.141028973310627
0.3674019318127661
0.07669574338082569
0.2010535253481332
0.1979013811511463
0.07851360560233159
0.3663648764467946
0.1445440943448282
0.07848272136134304
0.6540562203161898
0.03912720069957926
0.3661149360760988
0.3663461635791608
0.03912945492905787
0.6545815385512816
0.07797250629166413
0.1445548206681009
0.3661413635946278
0.07797407280156173
0.1979415573972882
0.1949613210170472
0.07970657819459502
0.3652154016818316
0.148041531273015
0.07971704067939704
0.6550092883218577
0.03941796084042713
0.3649705319801269
0.3651932800200465
0.03942038645969993
0.6555821475541561
0.0791809572611243
0.1480528101330162
0.3649978905931057
0.07918533133403703
0.1949999436062983
0.1921920880008861
0.08083646218625358
0.3641813106061052
0.1515030252747774
0.08088616023557293
0.6559740839319881
0.03969686730262644
0.363941815000287
0.3641556244664371
0.03969942967972921
0.6565943425536789
0.08032445040413122
0.1515148958644567
0.3639701633929389
0.08033195171978462
0.1922287210703204
0.1895934440577413
0.08190762058238829
0.3632610014052447
0.1549212611725131
0.08199356624593804
0.6569464739985517
0.03998095012907202
0.3630272011082539
0.3632316393723708
0.03998361097009144
0.6576138757303527
0.08140683945309726
0.1549337648073336
0.3630565933847263
0.08141780316023707
0.1896275974994862
0.1871648236275691
0.08292565718481136
0.3624526471040681
0.1582897261698984
0.08304406467124112
0.657922310458491
0.04028650303425005
0.3622248834241427
0.3624195414084659
0.04028922054241576
0.6586365062879906
0.08243329312241732
0.1583029056775213
0.3622553668279879
0.08244806715316708
0.1871959570732942
0.1849053447378344
0.08389725888119526
0.3617542121058297
0.1616027703646042
0.0840436398762219
0.6588974614149183
0.04062830007229137
0.3615328489492606
0.3617173374080321
0.04063102885818434
0.6596580297515715
0.0834101449218118
0.1616166691405876
0.3615644616829601
0.08342908662819254
0.1849328728605068
0.182813826550401
0.08483001793957018
0.3611634705544708
0.1648556577566177
0.08499929104684845
0.6598678413480183
0.04101888930824996
0.3609488970723491
0.3611228422346905
0.04102158015506717
0.6606743057402736
0.08434472007515398
0.1648703185428418
0.3609816661841044
0.08436819216134663
0.1828371255430628
0.1808888128890546
0.08573223819940218
0.3606780255769015
0.1680446071426226
0.0859188500268685
0.6608294395130079
0.04146799680120854
0.3604706588884256
0.360633697617936
0.04147059643324033
0.6616812836079955
0.08524514366999879
0.1680600706139376
0.3605045981908114
0.08527350936635607
0.1809072279947957
0.1791286011204286
0.08661272922734914
0.360295328555008
0.1711668223714303
0.08681078445972407
0.6617783457533746
0.04198206913370868
0.3600956164569468
0.3602473910912801
0.04198452015252543
0.6626750254586597
0.0861201344158157
0.171183125629214
0.3601307244652997
0.08615375186472463
0.179141455082386
0.177531275614683
0.08748059263934625
0.3600126977143454
0.1742205115300638
0.08768399029640611
0.6627107731677165
0.04256397631010286
0.3598211212657223
0.3599612743061117
0.04256621744963748
0.6636517261616193
0.08697878857205979
0.1742376866071961
0.3598573791757633
0.08701800442338814
0.1775378778916152
0.176094744886736
0.08834500487126205
0.3598273354838584
0.1772048947349304
0.08854757785291588
0.6636230772950814
0.0432128893676804
0.359644411345609
0.3597725801653016
0.04321485617777008
0.6646077301208204
0.0878303587074688
0.1772229672187445
0.3596817810834583
0.08787550096237819
0.1760944014401349
0.1748167814181618
0.08921500070162805
0.3597363442660394
0.1801202003174308
0.08941065566693988
0.6645117717135017
0.04392433882302038
0.3595626266750148
0.3596784384098909
0.04392596482717183
0.6655395446881198
0.08868403196623231
0.1801391881965476
0.3596010490374211
0.08873540216179573
0.1748088048247837
0.1736950630866021
0.09009926178635684
0.3597367404461824
0.1829676493173759
0.09028211640758772
0.6653735401659832
0.04469045147896155
0.3595728227018526
0.3596758894857504
0.04469166977552411
0.666443850251223
0.08954871244522611
0.1829875621544949
0.3596122155672627
0.08960657734129449
0.1736787826755654
0.1727272150848591
0.09100591435808505
0.3598254666486934
0.1857494283297607
0.09117042903640601
0.666205245517361
0.04550035453927807
0.3596719819786878
0.3597618966993107
0.04550109973929999
0.6673175071667901
0.09043281213636895
0.1857702668540071
0.3597122385347913
0.09049739514674035
0.1727019867596389
0.1719108511972013
0.09194234008424818
0.3599994024035219
0.1884686508896068
0.09208344131263388
0.6670039359795462
0.04634072782395341
0.3598570240512334
0.359933356827167
0.04634093816138928
0.6681575598485207
0.09134405467092863
0.1884904070856284
0.3598980109811724
0.09141552736244234
0.1718760666016202
0.1712436133161298
0.09291500387982857
0.3602553735017682
0.1911293077273469
0.09302819659472299
0.6677668490946347
0.04719647754983937
0.360124813851874
0.3601871094597402
0.04719609697984058
0.6689612384413118
0.09228929583223328
0.1911519654679373
0.3601663694762982
0.09236776986749669
0.1711987080526633
0.1707232081320326
0.0939293022466164
0.3605901603985795
0.193736206375059
0.09401076871647013
0.6684914139491798
0.04805149900925167
0.3604721689561577
0.3605199454350862
0.04805047913577171
0.6697259586216444
0.09327436448044846
0.193759742589552
0.3605141014303994
0.09335988440256476
0.1706676688315568
0.1703474400104897
0.09498943544068167
0.3610005060626262
0.1962949007504658
0.09503611849709416
0.669175252018457
0.04888949087557513
0.3608958661359587
0.3609286147652175
0.04888779261449069
0.670449320120763
0.09430392716293931
0.1963192870382948
0.3609379519319534
0.09439646438627709
0.1702808101583212
0.1701142391859922
0.09609830642971026
0.361483123687711
0.1988116114808353
0.09610797515276093
0.6698161769521211
0.04969478104707682
0.3613926477078713
0.3614098344821018
0.04969237600788001
0.6711291045734014
0.09538137925690363
0.1988368159749613
0.3614346307194364
0.09548082755520604
0.1700361237010867
0.1700216845422702
0.09725744916138714
0.3620347046796496
0.2012931378475097
0.09722874548047623
0.6704121935401963
0.05045312307630475
0.3619592282090773
0.3619602968475978
0.050449994703444
0.6717632732369754
0.09650876500338974
0.2013191270326105
0.3620008198706621
0.09661493768840838
0.1699317531706313
0.1700680204140725
0.09846698810202087
0.3626519273154932
0.2037467623318582
0.09839945316395596
0.6709614960646215
0.05115242338762459
0.3625923019332324
0.3625766783780004
0.05114856791940486
0.6723499650125431
0.09768672823846106
0.2037735024674984
0.3626331827101345
0.097799357126235
0.169966010033344
0.1702516670294477
0.09972563032051079
0.3633314664465758
0.2061801488232465
0.09961970990065436
0.6714624662636253
0.05178336261677738
0.3632885518226781
0.3632556501245515
0.05177878989330783
0.6728874950520276
0.09891449500835944
0.2062076066542967
0.3633283743020147
0.09903323120495509
0.1701373829700761
0.1705712244116924
0.1010306906078019
0.3640700045862121
0.2086012356075106
0.1008877192877031
0.6719136712169422
0.05233987937414321
0.3640446601400015
0.363993889614492
0.05233461347385861
0.6733743540920025
0.1001898885822024
0.2086293781845553
0.3640830537276331
0.100314305102095
0.1704445408763831
0.171025469769444
0.1023781492855829
0.3648642446818282
0.2110181242911978
0.1022003135803179
0.6723138615647455
0.05281949131655643
0.3648573212306718
0.36478809477457
0.05281357095155521
0.6738092085469048
0.1015093766737272
0.2110469179539677
0.3648938981676714
0.1016389729225251
0.1708863293789291
0.1716133486122133
0.1037627415444536
0.3657109248002649
0.2134389658390445
0.1035530226231641
0.6726619705237227
0.05322343632228912
0.365723256538407
0.3656350000122016
0.05321691489739271
0.6741909013336167
0.1028681499835764
0.2134683746674029
0.3657576186566631
0.1030023581630167
0.1714617610419607
0.1723339600270527
0.1051780764320664
0.366606834827628
0.2158718449213396
0.104940173525032
0.6729571140746342
0.05355662544677454
0.3666392318510493
0.3665313944163803
0.05354957068531158
0.6745184533630331
0.1042602304991883
0.2159018291334559
0.3666709772814082
0.1043984240000308
0.1721699996594315
0.1731865367335759
0.1066167830128691
0.36754883509377
0.218324663794092
0.106355019027036
0.6731985924440115
0.05382740877090005
0.3676020765529527
0.3674741417873189
0.05381990180968847
0.6747910655867744
0.1056786073521492
0.2183551785924523
0.3676308055548218
0.1058201111856213
0.1730103392554531
0.1741704206961889
0.1080706807069841
0.3685338766023661
0.2208050269690529
0.1077898919690695
0.6733858926607114
0.05404716475619631
0.3686087044653638
0.3684602019564088
0.05403929859029804
0.6750081214081307
0.1071153974393777
0.2208360221904642
0.3686340236808098
0.1072595007351648
0.1739821786192235
0.1752850352121765
0.1095309703187274
0.3695590223309981
0.2233201279639385
0.109236382722724
0.6735186916623666
0.05422973278130933
0.3696561356935426
0.3694866526591893
0.05422160989774272
0.6751691891657157
0.1085620274717899
0.2233515486398184
0.3696776603956392
0.1087079980541364
0.1750849923560437
0.1765298545075372
0.1109884417440715
0.3706214689029445
0.2258766394458515
0.110685535895191
0.6735968592520185
0.05439071666356848
0.370741518781403
0.3705507111024128
0.0543824456791603
0.6752740243099794
0.1100094336299304
0.2259084271192061
0.3707588730121899
0.1101565346705631
0.176318299536191
0.1779043719530758
0.1124336938260564
0.3717185678315127
0.2284806080910218
0.1121280620491002
0.673620460173103
0.05454669374095517
0.3718621524014132
0.371649754347577
0.05453838491672874
0.6753225708550095
0.1114482745854249
0.2285127025532364
0.3718749672162505
0.1115957833013475
0.1776816310754194
0.1794080680545427
0.1138573613885862
0.3728478454722687
0.2311373554886205
0.1135545597145473
0.6735897546183426
0.05471436915182758
0.3730155057697581
0.3727813377424
0.05470612886179138
0.6753149617155882
0.1128691532929588
0.2311696965455389
0.3730234160764604
0.1130163815799213
0.1791744970033131
0.1810403793675772
0.1152503442053056
0.3740070207601296
0.2338513864203751
0.1149557426761366
0.673505196543287
0.05490971802977344
0.3741992369633691
0.3739432108578296
0.05490164263545976
0.6752515176066303
0.1142628426698947
0.2338839153816525
0.3742018776126472
0.1144091594213812
0.1807963547906097
0.182800669437947
0.1166040325642134
0.3751940197712906
0.236626305834182
0.11632266740369
0.6733674292026918
0.05514715925629963
0.3754112083178079
0.3751333306135421
0.05513932926811509
0.6751327442248918
0.1156205100622945
0.2366589665923441
0.3754082100984021
0.115765364734072
0.1825465799209109
0.1846882027715996
0.1179105240782396
0.3764069862122642
0.2394647457577287
0.1176469554451638
0.6731772774418601
0.05543880314986614
0.3766494981087879
0.3763498712873614
0.05543127875735342
0.6749593274153078
0.1169339352644411
0.2394974854749634
0.3766404841066642
0.1170768820573272
0.1844244398737301
0.1867021227064143
0.1191628263521294
0.3776442871761918
0.2423683032404845
0.1189210054712991
0.6729357365521149
0.05579381212681916
0.3779124077975202
0.3775912308069413
0.05578663085672474
0.674732126017113
0.118195716850916
0.2424010726853282
0.3778969903074213
0.1183364387573575
0.1864290725707445
0.1888414339066231
0.1203550400834635
0.3789045138725619
0.2453374902099422
0.1201381894817955
0.6726439579116514
0.05621790812856709
0.3791984642950486
0.3788560323830853
0.05621108458947247
0.6744521622165762
0.1193994617206457
0.2453702436849658
0.3791762423282631
0.1195377936311967
0.1885594700901512
0.1911049900502185
0.1214825173711075
0.3801864773566704
0.2483716959634936
0.1212930276993448
0.672303231983667
0.05671305363228067
0.3805064169769997
0.3801431206310717
0.05670658053906765
0.6741206095025072
0.120539953013646
0.248404390678451
0.3804769744792114
0.1206759030757353
0.1908144681252693
0.1934914871266887
0.1225419905882997
0.3814891994470254
0.2514691629178211
0.1223813370977607
0.6719149693581299
0.05727732454476778
0.3818352294921067
0.3814515519424126
0.05727117402078009
0.6737387785400505
0.1216132918949473
0.2515017577327363
0.381798134524817
0.1217470603225386
0.193192741362368
0.1959994625838406
0.1235316680402342
0.3828118990947879
0.2546269761465094
0.1234003492609582
0.6714806804445411
0.05790498359365334
0.3831840666756863
0.3827805795829128
0.05789910815238908
0.6733081013056956
0.1226170091095313
0.2546594298221292
0.3831388718165796
0.1227490036576087
0.1956928047528896
0.1986273003503745
0.1244512935321423
0.3841539745922247
0.2578410670985873
0.1243487941232577
0.6710019543304393
0.05858675254137524
0.3845522770830351
0.3841296343683365
0.0585810857388536
0.672830113745136
0.123550142750763
0.2578733363955179
0.3844985211283289
0.1236809901128325
0.1983130205383038
0.2013732415385131
0.125302167817898
0.3855149822045277
0.2611062317060566
0.1252269469721398
0.6704804373101765
0.05931027126707406
0.3859393718251017
0.3854983018025575
0.05930472840795777
0.6723064371943747
0.1244132793851122
0.2611382697372145
0.3858765826622936
0.124543831852336
0.2010516107784671
0.2042354004269433
0.1260871307278874
0.3868946120192068
0.2644161628850501
0.1260366369189649
0.6699178116328641
0.06006072203160968
0.3873450005374581
0.3868862965123082
0.06005520141261175
0.6717387588961318
0.1252085565159932
0.264447918036485
0.3872726989332593
0.1253398933450889
0.2039066749852937
0.2072117851524551
0.1268105036458634
0.3882926619690193
0.2677634972285489
0.1267812159013664
0.6693157750626184
0.06082158853123417
0.3887689254276049
0.3882934348501587
0.06081597361394675
0.6711288120756276
0.125939625302365
0.2677949127945061
0.3886866294805118
0.126073048372401
0.2068762122721479
0.2103003223937407
0.1274779929199848
0.3897090110815278
0.2711398754821922
0.1274654881770728
0.668676021871359
0.06157551208288525
0.3902109944013727
0.3897196066593568
0.06156967482852945
0.6704783561380392
0.126611573425825
0.2711708899914642
0.3901182244999706
0.1267485969303944
0.2099581472399233
0.2134988852090458
0.1280965557178023
0.3911435930364881
0.2745360161983966
0.1280956011784503
0.6680002258952514
0.06230520185372121
0.3916711142435826
0.3911647473068388
0.06229900729097173
0.6697891575914332
0.1272308090068572
0.2745665642831239
0.3915673985028959
0.1273731431359807
0.2131503586543172
0.2168053230927985
0.1286742307351857
0.3925963710738828
0.2779418017816663
0.1286788994988522
0.6672900262766647
0.06299435276327731
0.3931492247421021
0.3926288111254681
0.06298766471620992
0.6690629723290129
0.1278049074771131
0.2779718153694217
0.3930341050147739
0.1279544362814104
0.2164507098740572
0.2202174932394396
0.1292199370487321
0.3940673151776541
0.2813463759850415
0.129223744684216
0.6665470164463339
0.06362852375463735
0.3946452745148192
0.3941117473160521
0.06362121152552327
0.6683015299500914
0.1283424243242834
0.2813757855783579
0.3945183131713789
0.1285011781822451
0.2198570799598872
0.2237332919501039
0.1297432452769861
0.3955563822587791
0.2847382517953179
0.1297393044215837
0.6657727367416495
0.06419593062571716
0.3961591991689865
0.395613479147385
0.06418787630097909
0.6675065208550115
0.1288526776264793
0.2847669876359373
0.3960199868874926
0.1290228009025688
0.2233673944303928
0.2273506850916345
0.1302541261004869
0.3970634997866724
0.2881054285470619
0.1302353156570939
0.6649686707982145
0.06468811146721246
0.397690902314913
0.3971338869842476
0.06467921739696139
0.6666795868454984
0.1293455052691321
0.288133421535967
0.3975390670844702
0.1295292198206654
0.2269796547053376
0.2310677365256043
0.1307626820559309
0.3985885530092615
0.2914355170175958
0.1307218271038314
0.6641362455460876
0.06510042877488224
0.3992402398665951
0.3986727953244476
0.0650906246782352
0.6658223158154258
0.1298310026516743
0.2914626993555017
0.3990754572617827
0.1300305678242295
0.2306919653552638
0.2348826334754451
0.1312788692876989
0.4001313756164462
0.2947158711603993
0.1312089274326433
0.6632768343881026
0.06543238019093665
0.4008070079545044
0.4002299637065609
0.06542162927662
0.664936240793552
0.1303192474868418
0.2947421767562618
0.4006290124747455
0.1305369171853083
0.234502558328495
0.2387937078947393
0.1318122165146684
0.4016917434883517
0.2979337250252749
0.1317064660827087
0.6623917630226854
0.0656876992055179
0.4023909346076568
0.4018050811170389
0.06567600268797492
0.6640228431594672
0.1308200189136755
0.2979590897642417
0.4021995315435531
0.131057996320152
0.2384098133484517
0.2427994530321406
0.1323715487910119
0.4032693710443198
0.3010763332971192
0.1322237740305438
0.6614823174114313
0.06587423758359302
0.403991675118711
0.4033977633974758
0.06586163703748989
0.6630835594289256
0.1313425185489804
0.301100695253198
0.4037867521019624
0.1316029091259509
0.2424122736913332
0.2468985345469771
0.1329647237120129
0.4048639096508282
0.3041311137791319
0.1327693920299957
0.6605497535125802
0.06600363230224224
0.4056088107159365
0.4050075531044788
0.06599020944526944
0.6621197907243843
0.1318951012824962
0.3041544134115994
0.4053903479390898
0.1321798648469377
0.246508656607427
0.2510897957046022
0.1335983875898054
0.406474947521441
0.3070857900672341
0.133350813834374
0.6595953085022186
0.06609077087937085
0.4072418498840176
0.4066339212627646
0.06607664459854282
0.6611329139763287
0.1324850235839531
0.3071079703788179
0.4070099280173776
0.1327959264211708
0.2506978577684343
0.2553722563698092
0.1342777588433755
0.4081020105305114
0.3099285326172209
0.1339742517735904
0.6586202132234203
0.06615307960700528
0.4088902314560638
0.4082762704465439
0.06613840031377721
0.6601242940388858
0.1331182168306127
0.3099495392047573
0.4086450365575559
0.1334567849826574
0.254978949311191
0.2597451057195278
0.1350064454143791
0.4097445633695646
0.3126480963891334
0.1346444317759099
0.6576257055432263
0.0662096688158875
0.4105533284794806
0.4099339386190807
0.0661946104758529
0.6590952962039629
0.1337990926577646
0.3126678773085381
0.4102951536402875
0.1341665676377157
0.2593511712872287
0.2642076888104509
0.1357863024026088
0.4114020105223385
0.3152339532564028
0.1353644244518617
0.6566130442119413
0.06628037735767504
0.4122304518707156
0.4116062031674799
0.0662651277370104
0.6580472989831145
0.1345303865565394
0.3152524586692632
0.4119596958519755
0.1349276848041152
0.2638139165990188
0.2687594873512266
0.1366173352783152
0.4130736966324524
0.3176764173873537
0.136135518154038
0.6555835227543181
0.06638476452391701
0.4139208530468332
0.4132922846020417
0.06636951429502033
0.6569817073425424
0.1353130449062474
0.3176935990564651
0.4136380165684688
0.1357407223298804
0.2683667097985074
0.2734000952239256
0.1374976529729718
0.4147589059726383
0.31996676185516
0.1369571389836104
0.654538482883019
0.06654110125057963
0.4156237250566749
0.414991349461641
0.06652603260368443
0.6558999665945369
0.1361461594206475
0.3199825726874796
0.4153294055104982
0.1366043823856131
0.2730091804363913
0.2781291894577944
0.1384234739182766
0.4164568608538921
0.3220973248309884
0.1378268215711791
0.6534793268658106
0.06676541340918993
0.4173382021485961
0.4167025120877907
0.06675068875711235
0.6548035766694511
0.1370269517566284
0.3221117187828106
0.4170330872227346
0.1375154758846895
0.2777410319528807
0.282946497478123
0.1393891867534461
0.4181667188926061
0.3240616038812896
0.1387402331769698
0.6524075281522953
0.06707062808719483
0.4190633580361529
0.4184248350912635
0.06705637938650891
0.6536941055878782
0.1379508098896581
0.3240745365983173
0.4187482181474783
0.1384689680219131
0.2825620073286378
0.2878517615499682
0.1403874659810589
0.4198875690770005
0.3258543371124191
0.1396912522708899
0.6513246393882922
0.06746586898179599
0.4207982032060487
0.4201573284750543
0.06745218818892437
0.6525732000835403
0.1389113767576531
0.3258657676700151
0.4204738820079709
0.1394580773748857
0.2874718527987566
0.2928447014254245
0.1414094412995456
0.4216184265911572
0.3274715701377476
0.1406721012489606
0.6502322968127165
0.06795593958365609
0.4225416814665358
0.4218989473872936
0.06794287082691712
0.6514425910942865
0.1399006904295696
0.3274814642061387
0.4222090833092201
0.1404744276938821
0.2924702808560768
0.2979249762834982
0.1424449176341622
0.4233582264436148
0.3289107080273881
0.1416735312656241
0.6491322200626874
0.06854102319248846
0.4242926657473976
0.423648588277199
0.06852855728028094
0.65030409250017
0.1409093735322347
0.3289190427162086
0.4239527389615435
0.1415082498828462
0.2975569335822188
0.3030921471214201
0.1434826410243853
0.4251058161568278
0.3301705515086102
0.1426850552903857
0.6480262066744631
0.06921661761920578
0.4260499531352399
0.4254050828870862
0.06920468938529531
0.6491595927602577
0.1419268679478502
0.3301773219272758
0.4257036684544181
0.1425486298432791
0.302731347108079
0.3083456408251318
0.144510603586044
0.4268599480778947
0.3312513167338401
0.1436952235194807
0.6469161210563215
0.0699737102905395
0.4278122593106775
0.4271671893365863
0.06996219896402192
0.6480110404497421
0.1429417091089239
0.3312565437061525
0.427460583778611
0.1435837960908448
0.3079929177718935
0.3136847172030362
0.1455163789550392
0.4286192721456346
0.3321546379987548
0.1446919334294645
0.645803878367944
0.07079918690408915
0.4295782128338172
0.4289335800174685
0.07078791934418277
0.6468604257116846
0.1439418327609093
0.3321583752601573
0.4292220813036209
0.1446014396059072
0.3133408704165024
0.319108440232144
0.1464874782578103
0.4303823299998414
0.3328835529977792
0.1456627654203635
0.6446914244412658
0.07167645435940549
0.4313463499433374
0.4307028274509416
0.07166521087411348
0.6457097600538966
0.1449149058988749
0.3328858909240382
0.4309866384554435
0.1455890573042387
0.3187742294294497
0.3246156545305298
0.1474117160154499
0.4321475510306096
0.3334424706161734
0.1465953344666559
0.643580713370191
0.07258624718596247
0.4331151106261659
0.4324733913267125
0.07257476983139646
0.6445610564951436
0.1458486727361425
0.3334435330783647
0.4327526173346773
0.1465343097173574
0.3242917936483605
0.3302049676234453
0.1482775753791249
0.4339132505339977
0.3338371217312197
0.1474776483512708
0.6424736843519179
0.07350757696185677
0.4348828367401975
0.4342436114040216
0.07349558038423779
0.6434163106820905
0.1467313061288645
0.3338370541862033
0.4345182749029427
0.1474253828635994
0.3298921168313864
