0.9999000040662882
9.972698154628875e-05
0.9999000057084224
9.987673555938423e-05
9.972698169624184e-05
0.9999000118039298
9.951762674222325e-05
0.9999000057078457
0.9999000057078614
9.951762689555327e-05
0.9999000118039161
9.972698172247282e-05
9.987673300965824e-05
0.999900005708137
9.972697820801981e-05
0.9999000040660856
0.999600065126301
0.0003956465540113432
0.9996000914741376
0.0003980309506221753
0.0003956466794990459
0.9996001890769649
0.0003923277509559932
0.9996000914276515
0.9996000914279655
0.0003923277058574889
0.9996001890677499
0.0003956466726109253
0.0003980309423915481
0.9996000914780052
0.0003956465962980328
0.9996000651241069
0.9991003302249428
0.0008780855966740976
0.9991004642772295
0.0008900585772867006
0.0008780869744493534
0.9991009593174544
0.0008615417546195299
0.9991004636178841
0.999100463732731
0.0008615407947359418
0.999100958913696
0.0008780868945123488
0.0008900585974058735
0.999100464262188
0.0008780863336825971
0.9991003302033221
0.9984010464105796
0.001531288605767932
0.9984014730582549
0.001568698781435977
0.001531293621013499
0.9984030420785688
0.001480120419293393
0.9984014686144713
0.998401469569729
0.00148011656607252
0.9984030398602912
0.001531295012689864
0.00156869860741454
0.9984014747991249
0.001531291319654212
0.9984010459849173
0.9975025651106
0.002333953535915183
0.9975036158219122
0.00242395025226805
0.002333966233109132
0.9975074596534886
0.002212469430254618
0.9975036007216479
0.9975036036673706
0.002212460875374628
0.9975074527319913
0.002333971252412954
0.002423948994199669
0.9975036203200752
0.002333958838512975
0.9975025627997439
0.9964053464866929
0.003259955818828559
0.9964075464240713
0.003443228267265318
0.003259980865757361
0.9964155455880847
0.003016535165312987
0.9964075114144311
0.9964075186196535
0.003016520395299665
0.9964155309085116
0.003259991568203279
0.003443224154013194
0.9964075554511455
0.003259964719068382
0.9964053404283584
0.9951099642881664
0.004279235524897122
0.9951140837802306
0.004611567603462468
0.004279277162629202
0.995128958758856
0.003846277408376073
0.9951140178699358
0.9951140320094813
0.003846255940583667
0.9951289327466928
0.004279295398035314
0.00461155863175299
0.9951140993990969
0.004279248907835205
0.9951099522784932
0.9936171111944374
0.00535881632095226
0.9936242208128491
0.005911862307123857
0.005358877645104543
0.9936496938893056
0.004654369833010811
0.9936241113262771
0.9936241354640793
0.004654342746351395
0.9936496524976643
0.005358904826082696
0.005911846312661373
0.9936242453372256
0.00535883480889635
0.9936170907137318
0.9919276040050575
0.006463920834134046
0.9919391331074014
0.007325139427105123
0.006464003040571849
0.9919800898133029
0.005394965895426863
0.9919389657495713
0.9919390033183721
0.005394936284763315
0.9919800285865508
0.006464039858856878
0.007325114171413421
0.9919391690522091
0.006463944598808656
0.9919275722613137
0.9900423882312628
0.007559143199403187
0.9900601863308001
0.008830862405154759
0.007559244905337977
0.9901228333589938
0.006026364704043356
0.9900599452763444
0.9900600000573166
0.006026338015688918
0.9901227474987806
0.007559291220244794
0.008830825653314603
0.9900602363940731
0.007559171955734752
0.9900423421628348
0.9879625416048343
0.008609638106605172
0.9879889417449533
0.01040725899061132
0.008609754597378122
0.9880809574618314
0.006513417868744356
0.9879886096888844
0.9879886857838989
0.006513402070063583
0.988080841850709
0.008609809224724613
0.01040720862984428
0.9879890087056319
0.00860967093637895
0.9879624778776712
0.9856892760133891
0.009582284373074233
0.985727159044644
0.01203166818157577
0.009582407073702739
0.9858578323746892
0.006829534746988363
0.9857267173295173
0.9857268191335258
0.006829540237285756
0.9858576817080782
0.009582467586530006
0.01203160231252185
0.9857272457529223
0.009582319613901064
0.9856891911144461
0.9832239377067242
0.01044678275575649
0.9832767962559295
0.01368090029546479
0.0104468987971326
0.9834571496789443
0.006958168578274988
0.9832762249947626
0.9832763571675622
0.006958207928382892
0.9834569585145529
0.01044696143445778
0.01368081734306643
0.9832769056016653
0.01044681796229571
0.9832238279596837
0.9805680053089644
0.01117664995862789
0.9806400064117851
0.01533160396751426
0.01117674189961553
0.9808828989632046
0.00689369874766026
0.9806392845695514
0.9806394520027277
0.006893786160659741
0.9808826618073081
0.01117680151795755
0.01533150279754512
0.9806401411972914
0.01117668187920715
0.9805678669103496
0.9777230855383386
0.01175007477473122
0.9778191307753115
0.01696063388149083
0.01175012055056368
0.9781393378801277
0.006641661576427979
0.9778182363248937
0.9778184441171072
0.006641812144307963
0.9781390492593005
0.01175017064458692
0.01696051390390486
0.9778192937178192
0.0117500993616307
0.9777229145887428
0.974690906564373
0.01215060764138966
0.974816689028556
0.01854541293735897
0.01215058070825978
0.9752309566933803
0.006218322601650048
0.974815599094889
0.9748158525146586
0.006218551342523135
0.9752306112297232
0.01215061348006566
0.01854527420514052
0.9748168827114873
0.01215062007987101
0.9746906991140351
0.9714733091077032
0.0123676610628993
0.9716353667046622
0.02006428278121038
0.0123675307845615
0.9721624390824194
0.005649623397763881
0.9716340577173725
0.9716343621644412
0.005649944166928478
0.9721620315714751
0.01236753728204448
0.02006412610020052
0.9716355935286481
0.01236765584651282
0.9714730611907215
0.9680722354541327
0.01239680552846426
0.9682780004255177
0.02149683690410698
0.01239653779058387
0.9689386211128425
0.004969573894400774
0.9682764482777741
0.9682768092498001
0.004969998201531989
0.9689381465911215
0.01239650809882073
0.02149666391104197
0.9682782625697883
0.01239677656794248
0.9680719431260271
0.9644897167348724
0.012239853093391
0.9647475616600584
0.02282423087301376
0.01223941115380096
0.9655644505895904
0.004218193853111138
0.9647457418740646
0.964746164932774
0.004218729670719039
0.9655639044008608
0.0122393346486889
0.02282404411132528
0.964747861050533
0.01223979385057328
0.9644893761099181
0.9607278589127004
0.01190472852899016
0.961047139767948
0.02402946479818518
0.01190407406945971
0.9620449489726155
0.003439133039077436
0.961045027665471
0.9610455184035852
0.003439783682038909
0.962044326827726
0.01190393972053309
0.02402926777672762
0.9610474780517961
0.01190463217860048
0.9607274661996353
0.9567888280270203
0.01140513556627382
0.9571799251118247
0.02509763371472638
0.01140422992290069
0.9583851778647878
0.002677116826795104
0.95717749598844
0.9571780599975347
0.002677879986253387
0.9583844758845237
0.01140402663730523
0.02509743094955839
0.9571803036391444
0.01140499518174355
0.9567883795500368
0.9526748352278598
0.01076003291986464
0.9531491929684339
0.02601614220378669
0.0107588384462552
0.9545902117698272
0.001975371794167215
0.9531464222710229
0.9531470651110727
0.001976238800839157
0.954589426550294
0.01075855545537586
0.02601593924360127
0.9531496127844421
0.01075984167490027
0.9526743274874496
0.9483881224118147
0.009992941224935607
0.9489582888582666
0.02677488026771266
0.009991422765700586
0.9506651182853756
0.001373183922082076
0.948955152381
0.9489558795510248
0.001374139310531471
0.9506642469211091
0.009991050016787023
0.02677468370579389
0.948958750683649
0.009992692613370446
0.9483875520878845
0.9439309489026492
0.009131107584163377
0.9446106159045715
0.02736635821242964
0.009129233989352553
0.9466149465179345
0.0009037307321075507
0.9446070898930072
0.944607906802222
0.0009047521628823407
0.9466139866356419
0.009128762567337219
0.02736617565688869
0.9446111201646703
0.009130795643118039
0.9439303128902218
0.9393055799669155
0.008204558807739026
0.9401096241760751
0.02778579896363267
0.008202304445502281
0.9424447237608053
0.0005923090876152047
0.9401056855858265
0.9401065975271155
0.0005933676535815615
0.94244367354204
0.008201726983256968
0.02778563901756189
0.9401101709979174
0.008204178345937703
0.9393048753979957
0.9345142776427159
0.007245077674080288
0.9354588026413583
0.02803118695498378
0.007242423860407691
0.9381594600160752
0.0004550538066685827
0.935454429280358
0.9354554414035925
0.0004561147465984331
0.9381583182037925
0.007241734939218674
0.02803105919388021
0.9354593918502219
0.007244624467574953
0.9345135018990391
0.9295592944287415
0.006285138487429757
0.9306616732325541
0.02810327355248101
0.006282074774778584
0.9337641594012286
0.000498210783842788
0.930656843963259
0.9306579612514168
0.0004992345685005168
0.9337629253166373
0.006281271280244593
0.02810318843127897
0.9306623043821269
0.006284609476882665
0.929558445170629
0.9244428702149404
0.005356838491125887
0.9257217871387509
0.02800553949149067
0.005353363958849106
0.9292638370690411
0.0007179937865552618
0.9257164819410498
0.9257177091781201
0.0007189376110170464
0.9292625105956709
0.00535244542340563
0.02800550827403647
0.9257224595718814
0.005356232162587972
0.9244419453784049
0.919167232610261
0.004490861919599361
0.9206427224109579
0.02774411546455912
0.00448698602878708
0.9246635399225257
0.001101019041787134
0.9206369226396548
0.9206382643878281
0.001101838554973097
0.9246621214953177
0.004485954882341438
0.02774415014060524
0.920643435250053
0.004490178239247583
0.9191662304278897
0.9137346009547422
0.003715510202751946
0.9154280831259429
0.02732766275669226
0.003711253517047632
0.9199683692954046
0.00162527786782372
0.9154217716267061
0.9154232321964183
0.001625929149711854
0.9199668598851968
0.003710115288831711
0.0273277759325476
0.9154288352908795
0.00371475082377445
0.9137335199555673
0.9081471938386679
0.003055830082356079
0.910081499047294
0.0267672162427961
0.003051224678826648
0.9151835036301685
0.002261577316828607
0.9100746602816721
0.9100762437007547
0.002262018967373849
0.9151819047167155
0.003049988120642338
0.02676742074061289
0.9100822891808686
0.003054998446172008
0.9081460328495992
0.9024072399655333
0.002532866707793065
0.9046066253529128
0.02607599290836313
0.002527956259896363
0.9103142192902148
0.002975353456945825
0.9045992456110297
0.9046009556093803
0.002975548735391983
0.9103125328286934
0.002526633342685504
0.02607630212569244
0.9046074522250017
0.002531968036985233
0.9024059982001451
0.8965169922793434
0.002163064165641713
0.8990071424673465
0.02526916840698162
0.002157903678104647
0.9053659078892905
0.003728743068898747
0.8989992097819219
0.8990010497388976
0.003728661885649129
0.9053641362843715
0.002156509580833829
0.02526959623617864
0.8990080044697097
0.002162105523956139
0.8965156690827928
0.8904787443068709
0.001957830380347054
0.893286754395501
0.02436362755139732
0.001952485593735886
0.9003440886636536
0.004482787841691725
0.8932782588726293
0.89328023179226
0.004482408584471492
0.9003422347301138
0.001951038493526621
0.02436418777762603
0.8932876498852373
0.001956820578831011
0.8904773393658176
0.8842948488699853
0.001923277383535376
0.8874491868155326
0.02337769063806747
0.001917823840263361
0.8952544149402026
0.005199641248497903
0.8874401206603236
0.8874422291316615
0.005198952289713833
0.8952524818654096
0.001916344658653757
0.02337839696617024
0.8874501140607979
0.001922226876216562
0.8842933621434285
0.8779677379683712
0.002060141774752351
0.8814981836616576
0.02233082190661062
0.002054663562538754
0.8901026740261724
0.005844652037099228
0.8814885412748864
0.8814907874359307
0.005843652846150969
0.890100665335984
0.002053175613645201
0.02233168780299367
0.8814991408475703
0.002059062502575974
0.877966169665588
0.8714999432771732
0.002363883967618866
0.8754375027005197
0.02124332438551487
0.002358472162116379
0.8848947803853585
0.006388209248236161
0.8754272807479078
0.875429666251927
0.006386911038284513
0.8848926999109012
0.002357000714949537
0.02124436292574453
0.8754384879415533
0.002362789156657052
0.8714982938444733
0.8648941164129718
0.002824958785985087
0.8692709101321712
0.02013602637930324
0.002819709625621651
0.8796367623157957
0.006807250861670056
0.8692601076046673
0.8692626335880935
0.006805676720092699
0.8796346141612998
0.002818281394159211
0.02013725006935772
0.8692719214939368
0.002823862703838178
0.8648923865104887
0.8581530481238917
0.003429244326519501
0.8630021745455684
0.01902996469075231
0.00342425716738243
0.8743347428032587
0.007086360625066684
0.8629907928055403
0.8629934598589069
0.007084545110508819
0.8743325313180497
0.003422899739834358
0.01903138529303802
0.8630032100453979
0.003428162009490729
0.8581512386136527
0.8512796856060402
0.004158610959500017
0.8566350606278641
0.01794606976715543
0.004153986057879915
0.8689949155371492
0.007218403557114852
0.8566231034397507
0.8566259115846172
0.007216391763124239
0.8689926452910834
0.004152727280959324
0.0179476981348208
0.8566361182515652
0.004157557912129786
0.8512777975323923
0.844277147139584
0.004991608029989668
0.850173323119749
0.01690485780957049
0.004987444212168528
0.8636235173542657
0.007204678620910749
0.8501607966689109
0.8501637453406679
0.007202524739432579
0.8636211931170639
0.004986311546495792
0.01690670372263416
0.8501744008369696
0.00499059990775997
0.8442751817111601
0.8371487333389231
0.005904242422458092
0.8436207015515966
0.01592613467540321
0.005900634703696518
0.8582267985315392
0.007054595295016025
0.8436076144500793
0.8436107024879886
0.007052360735935173
0.8582244252560841
0.005899654567716619
0.01592820668486317
0.8436217973351952
0.005903294705097261
0.8371466919096497
0.8298979343991097
0.006870820740258592
0.8369809163012836
0.01502871610140924
0.006867857957883076
0.8528109924092152
0.006784907656929585
0.8369672795750511
0.8369705052202389
0.006782658802494736
0.8528085752187745
0.006867055077437357
0.01503102138515199
0.8369820281453476
0.006869948403475041
0.8298958184514366
0.8225284328512674
0.007864825494388671
0.8302576664688733
0.01423016838750524
0.007862588024272837
0.847382285770011
0.006418563578935369
0.830243493524078
0.8302468544260042
0.006416369270209357
0.847379829948905
0.007861984804196712
0.0142327126208285
0.830258792403001
0.007864042689446375
0.8225262439928825
0.8150441014984013
0.00885979541939954
0.8234546299637643
0.01354657322101893
0.008858353036694709
0.841946791230627
0.005983246456779123
0.8234399365459949
0.8234434297772317
0.005981175319640199
0.8419443022209008
0.008857968969521814
0.01354936045786975
0.8234557680779168
0.008859115165460403
0.8150418414712416
0.8074489964047094
0.009830180784908622
0.8165754661052465
0.01299231981839059
0.009829590729491676
0.83651052267251
0.005509701515722339
0.8165602702683644
0.8165638923461969
0.00550781925091382
0.836508006070679
0.009829441860472989
0.01299535239046693
0.8165766145860768
0.009829614691128339
0.8074466671039804
0.7997473449421202
0.01075214632931269
0.8096238208893746
0.01257992698473536
0.01075245161583195
0.8310793743935446
0.00502994758597859
0.8096081429610571
0.8096118898756099
0.005028314339811664
0.8310768359516516
0.01075255007700835
0.01258320542089286
0.8096249780445472
0.01075170434027666
0.7997449484093349
0.7919435291222841
0.01160429703891569
0.802603334921361
0.01231989713087487
0.01160552506515891
0.8256591043555964
0.004575478000904364
0.8025871974524638
0.8025910647003012
0.004574145934019794
0.8256565499826314
0.01160587869155634
0.0123234201008618
0.8026044991995905
0.01160398721756387
0.7919410675138601
0.7840420646224553
0.0123683053726642
0.7955176538222846
0.01222060369614689
0.01237046687438379
0.8202553215265035
0.004175551079205067
0.7955010815205212
0.7955050641433037
0.004174562238355173
0.8202527572909623
0.01237107891189854
0.01222436797388298
0.7955188238396165
0.01236813372467075
0.784039540183939
0.7760475761059412
0.01302942249464485
0.7883704407400353
0.01228821283838559
0.01303251088113535
0.8148734769727797
0.003855661870620617
0.7883534603950297
0.7883575530227391
0.003855046457233878
0.8148709091060445
0.01303337979398731
0.01229221328328687
0.7883716153103765
0.01302939283664455
0.7760449911720286
0.7679647695827526
0.0135768604683995
0.7811653904563518
0.01252663967741716
0.01358085153458829
0.8095188581101299
0.003636273287366486
0.7811480308663414
0.7811522277610194
0.003636048397971658
0.8095162930089654
0.01358197091577023
0.01253086923286171
0.7811665686238842
0.01357697434031451
0.7679621265874417
0.7597984027058491
0.01400403703736374
0.7739062444527329
0.01293753884008008
0.01400888908653782
0.8041965852844045
0.003531867365654602
0.7738885363417424
0.7738928314454844
0.003532036259485465
0.8041940295119394
0.01401024767740583
0.01294198855393681
0.7739074255198295
0.01400429366526208
0.7597957042002618
0.7515532539681582
0.01430867937749036
0.7665968062261324
0.01352032853685397
0.01431433374468406
0.7989116098160265
0.00355035740171394
0.7665787821554065
0.766583169136577
0.003550909323436183
0.7989090700984964
0.01431591556085891
0.01352498759914897
0.7665979897781865
0.01430907568416996
0.7515505026316395
0.7432340918318643
0.01449278790683936
0.7592409560944157
0.01427224691829468
0.01449916987025975
0.793668712607364
0.003692880227641322
0.759222650364012
0.7592271226632666
0.003693790791416913
0.7936661958257493
0.01450095443398084
0.01427710271731533
0.7592421420188112
0.01449331857266309
0.7432312904803745
0.7348456448473619
0.0145624657249122
0.7518426647360837
0.01518843901964689
0.01456948578659847
0.7884725025142638
0.003953966285036629
0.751824113274841
0.7518286641496277
0.003955198400672953
0.7884700156896677
0.01457144846061076
0.01519347721494457
0.751843853235229
0.01456312329703657
0.7348427964383683
0.7263925737906095
0.01452762338727912
0.7444060047686329
0.01626207219783294
0.01453517889205499
0.7833274138683091
0.004322064587091436
0.7443872450114547
0.7443918675782207
0.004323569886054221
0.7833249641401296
0.01453729130771862
0.01626727680905361
0.7444071963670453
0.01452839843383901
0.7263896814252435
0.7178794467849676
0.01440157238511936
0.7369351597698059
0.0174844776058477
0.01440954943767424
0.7782377027773016
0.00478038122053044
0.7369162305216916
0.7369209177950803
0.004782101918664544
0.778235297373516
0.014411780007868
0.01748983111646819
0.7369363553156587
0.01440245368957814
0.7178765137086395
0.7093107182694532
0.01420052379283428
0.729434430282133
0.01884531493340871
0.0142087994259361
0.7732074421062775
0.005307974636676521
0.7294153715680463
0.7294201164964913
0.005309845752646838
0.7732050883056101
0.01421111393154283
0.01885079840867639
0.7294356309435296
0.01420149858302886
0.7093077478713307
0.7006907125368964
0.01394301099481144
0.7219082365044331
0.02033275737189806
0.0139514555367703
0.7682405153209976
0.005881039314642848
0.7218890894034959
0.7218938849007529
0.005882991149267254
0.7682382204070836
0.01395381777375006
0.02033835059030242
0.7219094437603079
0.01394406520065399
0.7006877083477682
0.6920236124020397
0.01364925715164881
0.7143611175554851
0.0219336935402717
0.01365773673736658
0.7633406096362166
0.006474301909113911
0.7143419240183395
0.7143467629907154
0.006476262681401553
0.7633383808442581
0.0136601092097631
0.02193937513777563
0.7143623331811384
0.01365037568500681
0.6920205780904619
0.6833134533777283
0.01334050908595581
0.7067977273809256
0.0236339429401525
0.01334888825327809
0.7585112091253841
0.007062450924365908
0.7067785300300725
0.7067834053992487
0.007064349455446211
0.7585090535819405
0.01335123289631299
0.02363969056620142
0.7067989534284437
0.013341676136067
0.6833103927452432
0.6745641235436837
0.01303835955259243
0.6992228275508316
0.02541848139525177
0.0130465038645099
0.7537555885952478
0.007621522239870156
0.6992036694650419
0.6992085741865959
0.007623290576205188
0.7537535132521651
0.01304878278133422
0.02542427187930816
0.6992240663254111
0.01303955889047302
0.6745610405202017
0.6657793690950309
0.01276407942746098
0.6916412773513684
0.02727167287519961
0.01277185806105727
0.749076809096029
0.008130168175518707
0.6916222018361922
0.6916271289140991
0.008131744047559786
0.7490748206597557
0.01277403425668289
0.02727748240207536
0.691642531384893
0.01276529471272211
0.6657762677343535
0.6569628053633012
0.0125379802451893
0.6840580216992266
0.02917750410849352
0.01254526848999496
0.7444777159204453
0.008570746746764269
0.684039072045962
0.6840440145436039
0.008572075768248416
0.7444758207783018
0.01254730658644734
0.02918330840032462
0.6840592937224609
0.01253919532860156
0.6569596898373397
0.6481179329169873
0.01237882580303887
0.6764780774937355
0.03111981845433182
0.012385507414617
0.7399609398449674
0.008930179675761775
0.6764592967288504
0.6764642477772476
0.008931217201640054
0.7399591439901556
0.01238737433218215
0.03112559295664548
0.6764793704076068
0.01238002501817552
0.6481148075063035
0.6392481581782842
0.01230330930806149
0.6689065190632645
0.03308254562739628
0.01230927866719663
0.7355289021940991
0.0092005418255117
0.6688879496895475
0.6688929024937018
0.009201254402551873
0.7355272111514347
0.01231094425772717
0.03308826569646246
0.6689078359089222
0.01230447774571515
0.6392450272569233
0.630356817842231
0.01232560987381376
0.6613484633567628
0.03504992405020797
0.01233077390765946
0.7311838240769337
0.009379360168181783
0.6613301470867006
0.6613350949312187
0.009379726530918992
0.7311822428312407
0.01233221152715223
0.03505556513866889
0.6613498072837192
0.01232673363362991
0.6303536858559439
0.6214472062582275
0.01245703917937333
0.6538090554786575
0.03700671283967198
0.01246131900813169
0.7269277398729527
0.009469616319942468
0.6537910329603184
0.6537959692156915
0.009469627904835794
0.726926272802042
0.01246250601718417
0.03701225067721335
0.6538104297107641
0.01245810559405682
0.6214440776965983
0.6125226048350486
0.01270578590029741
0.6462934550705444
0.03893839071110504
0.01270911818118765
0.7227625147516872
0.009479462228953104
0.6462757656064839
0.646280683737571
0.009479123200228787
0.7227611655655248
0.01271003636368555
0.03894380147659232
0.6462948628701163
0.01270678372881742
0.6125194841992322
0.6035863124593863
0.01307676222333422
0.6388068239112639
0.04083133939603099
0.01307910017220306
0.7186898657175387
0.009421673011671889
0.6387895051717439
0.6387943987500173
0.009420999812365716
0.7186886374050823
0.01307973606462799
0.04083659987740798
0.6388082685417619
0.01307768181044956
0.6035832042278581
0.5946416758786052
0.01357155347578105
0.6313543149493791
0.04267300951103487
0.01357286755540767
0.7147113853998353
0.009312873518454941
0.6313374026817185
0.6313422654024954
0.00931189397889466
0.7147102801846854
0.01357321268140397
0.04267809725005067
0.6313557996361544
0.01357238687563853
0.5946385844728389
0.585692118995079
0.01418846874117019
0.6239410628110447
0.04445206717518744
0.01418874701389171
0.7108285675787165
0.009172585424934598
0.6239245905471961
0.6239294162523559
0.009171337477896904
0.710827586885221
0.01418879802055656
0.04445696059618435
0.6239425906992693
0.0141892098025575
0.5856890487456354
0.5767411700521341
0.0149226873884954
0.6165721756485956
0.04615852004927461
0.0149219355388834
0.7070428332540272
0.009022149083966561
0.6165561744130129
0.6165609571188744
0.009020679150311291
0.7070419776856121
0.01492169423278001
0.04616319857383185
0.6165737497584314
0.0149233317992973
0.576738125164036
0.5677924857425785
0.01576649377409429
0.609252728048897
0.04778382179286198
0.01576473480849069
0.7033555559867271
0.008883578844131584
0.6092372260775651
0.6092419600072019
0.008881939963896829
0.7033548253177356
0.01576420809175016
0.04778826594303163
0.6092543512303414
0.0157670390635085
0.5677894702593294
0.5588498713678313
0.01670959008923995
0.6019877545157073
0.04932095439527129
0.01670686373020571
0.6997680850861343
0.008778411770552835
0.6019727769890096
0.6019774566084255
0.008776661561231532
0.6997674782672982
0.01670606344078444
0.04932514588717907
0.6019894294056226
0.01671003558795795
0.5588468891355594
0.5499172962679539
0.01773947539109673
0.5947822429974072
0.05076448804235469
0.01773583718176957
0.6962817653813249
0.00872660816996404
0.5947678118011548
0.5947724318586225
0.008724806696460781
0.6962812805580788
0.01773477984563568
0.05076840987046062
0.5947839719791149
0.01773982215151067
0.5499143509019464
0.5409989039058593
0.01884187741104969
0.5876411278096068
0.05211061860572275
0.01883739755186947
0.6928979523191898
0.008745557728256633
0.5876272613305061
0.5876318168982773
0.008743765367816288
0.6928975868616116
0.01883610405711893
0.05211425511728738
0.5876429129726539
0.01884212809187058
0.5409959987601303
0.5320990161476242
0.02000122271350924
0.5805692813026353
0.05335718309861261
0.01999598465650761
0.6896180213509617
0.008849238168288347
0.5805559942609316
0.5805604807784444
0.008847513549423203
0.6896177718937455
0.01999447985957746
0.05336052005765135
0.5805711244018084
0.02000138143639565
0.5320961542867859
0.5232221314565558
0.02120113022420856
0.5735715036495026
0.05450365371797788
0.02119522905543349
0.6864433708062421
0.009047564348836201
0.5735588069656483
0.5735632202831635
0.009045962436703369
0.6864432332967076
0.02119354132857342
0.05450667835747282
0.573573406067871
0.02120120241297706
0.523219315630251
0.514372916906363
0.02242491304244847
0.5666525102145284
0.05555111133690405
0.02241845369149267
0.6833754177598765
0.009345955226568115
0.5666404109056559
0.5666447473264695
0.009344525618974499
0.6833753875115025
0.02241661442018226
0.05555381239677041
0.5666544729394194
0.02242490525520432
0.5143701495281128
0.5055561941241062
0.02365607378372295
0.5598169161048295
0.05650219953951068
0.0236491691068399
0.6804155867461098
0.009745134646864471
0.5598054172174133
0.559809673535943
0.009743920134131378
0.6804156584964858
0.02364721214695842
0.05650456728733816
0.5598189397214084
0.02365599354279867
0.5055534772565353
0.4967769194892586
0.02487877943761498
0.5530692177185039
0.05736106047201925
0.02487154821401445
0.6775652915594813
0.01024117009725893
0.5530583183113889
0.5530624918446176
0.01024020552440308
0.6775654595344299
0.02486950931993973
0.05736308670587661
0.5530713024138041
0.0248786350550296
0.4967742548359614
0.4880401591248814
0.02607830282665376
0.5464137713188378
0.05813325398493219
0.02607086770292803
0.674825910733263
0.01082574190129507
0.5464034665070048
0.5464075551182126
0.01082505335483688
0.6748261687197291
0.02606878393794304
0.05813493202132095
0.5464159168819723
0.02607810322220662
0.4880375480289062
0.4793510593846806
0.02724141916279523
0.5398547689030551
0.05882566165651108
0.02723390457632817
0.6721987576497823
0.01148662439205154
0.5398450499549975
0.5398490520702393
0.0114862287193982
0.6721990990770426
0.02723181371613979
0.05882698630777096
0.539856974712227
0.02724117367729847
0.4793485028345973
0.4707148136733693
0.02835674787425158
0.5333962118657248
0.05944637738149253
0.02834927798458148
0.6696850465601284
0.01220835087770032
0.5333870663376149
0.5333909809555201
0.0122082555348501
0.6696854645855974
0.02834721792450448
0.05944734492576625
0.5333984768652325
0.02835646608219312
0.4707123123196643
0.4621366265663855
0.02941503177913476
0.5270418831546155
0.06000458633722175
0.02940772844253543
0.6672858560266313
0.01297302612091049
0.5270332950529154
0.5270371217491825
0.0129732293327392
0.6672863436259103
0.02940573661985208
0.06000519448263109
0.5270442058279918
0.02941472330790326
0.4621341807544658
0.4536216762920409
0.03040934773554585
0.52079531882673
0.06051043419085872
0.03040232855802655
0.6650020914916926
0.01376124392273674
0.5207872687980869
0.5207910077243231
0.01376173512973448
0.6650026415501584
0.03040044139949334
0.06051068203496202
0.5207976971759644
0.03040902208919214
0.4536192861114531
0.4451750767028879
0.03133524504111816
0.5146597800683554
0.06097488845971147
0.03132862154569427
0.6628344487619131
0.01455306344147228
0.5146522456150566
0.5146558974916489
0.01455382399798442
0.6628350541681763
0.03132687394962008
0.06097477644424559
0.5146622116016975
0.03133491143167653
0.4451727420482592
0.436801839886294
0.03219081002729292
0.5086382268388461
0.0614095939588654
0.0321846859713068
0.6607833801902586
0.01532899620202052
0.5086311825571936
0.5086347486577218
0.01533000028461574
0.660784033929481
0.03218311083096767
0.06140912381493795
0.5086407085676443
0.0321904772165293
0.4367995605168736
0.4285068405338915
0.03297665741792705
0.5027332943415467
0.06182672424787276
0.03297112729340679
0.6588490652416494
0.0160709563748201
0.5027267121767256
0.5027301943029396
0.01607217205374397
0.6588497604873689
0.03296975506681547
0.0618258989377579
0.5027358227795996
0.03297633357898291
0.4285046161173279
0.4202947831350812
0.03369585106568514
0.4969472734759398
0.06223883098890767
0.03369099882050783
0.6570313869057559
0.01676312969883617
0.4969411229838655
0.4969445234287873
0.01676452012359063
0.6570321171075172
0.03368985715025884
0.06223765463927405
0.4969498446383134
0.03369554367132746
0.4202926132642131
0.4121701729404293
0.03435375855425874
0.4912820963398581
0.06265869305011373
0.03434965655006984
0.6553299151698135
0.01739272123634
0.4912763449610462
0.4912796664529673
0.01739424589285727
0.6553306741320184
0.0343487699357303
0.06265717084613429
0.4912847057521931
0.0343534742850861
0.412168057123362
0.4041372915331269
0.03495784582953039
0.485739327687856
0.06309916709583846
0.03495455407230001
0.6537438983602379
0.01795054863604965
0.4857339410061935
0.4857371866437011
0.01795216462230306
0.6537446803168393
0.03495394360123839
0.06309730518317545
0.4857419703899031
0.03495759051885462
0.4041352291671682
0.3962001776696109
0.03551741946379845
0.4803201630513367
0.06357304132368385
0.03551498510444948
0.6522722628459101
0.01843145548470907
0.4803151050411537
0.480318278216697
0.01843311876471392
0.65227306252775
0.03551466824381856
0.06357084669568538
0.4803228336079169
0.03551719806916483
0.396198168013144
0.388362613903221
0.03604332531610466
0.4750254339802328
0.0640928938757695
0.03604178242519268
0.6509136211412858
0.01883452814873523
0.4750206672305916
0.4750237715471834
0.01883619474458028
0.6509144338363098
0.03604177287725339
0.06409037425809985
0.4750281264992088
0.03604314191759697
0.3883606560582255
0.3806281193136319
0.0365476132172602
0.4698556206075222
0.06467095731880591
0.03654698282598876
0.6496662880809483
0.01916310890679088
0.4698511065170214
0.469854145700943
0.01916473599483458
0.6496671096861885
0.03654729044633451
0.06466812105665233
0.4698583287642702
0.03654747103973833
0.3806262122246969
0.3729999484728413
0.03704317786481073
0.4648108714677274
0.06531899043951453
0.03704346825555159
0.6485283043763497
0.01942460767605246
0.4648065704060148
0.464809548218127
0.01942615455946579
0.6485291314404578
0.03704409903162512
0.06531584639267468
0.4648135885315839
0.03704307932127614
0.3729980909406839
0.3654810965960223
0.03754338638142081
0.4598910302092388
0.06604815847789931
0.03754459360889069
0.6474974665128016
0.01963012378786676
0.4598869016390648
0.4598898217821873
0.01963155273033585
0.6474982962669278
0.03754554969360437
0.06604471591583433
0.4598937490750129
0.03754333312717309
0.3654792873006577
0.3580743106066397
0.03806170290471694
0.4550956686327342
0.0668689227001633
0.03806381151375628
0.6465713617605747
0.01979389781686844
0.4550916711895021
0.4550945372197491
0.01979517471726223
0.6465721921384063
0.03806509131035284
0.06686519121812765
0.4550983818405018
0.03806169590849157
0.3580725481296524
0.3507821056969036
0.03861132030567186
0.4504241251877046
0.06779094015254991
0.03861430421098899
0.6457474067927026
0.01993262079225576
0.4504202167208952
0.450423031957045
0.01993371570437165
0.6457482364376108
0.03861590250193379
0.06778692958934963
0.4504268249447609
0.03861135992186575
0.3507803885403465
0.3436067867887267
0.03920480851838248
0.4458755479037633
0.068822974222933
0.03920863201090403
0.6450228883287397
0.02006463423917229
0.4458716854733865
0.4458744529090697
0.02006552173510576
0.6450237165894599
0.03921054012556396
0.0688186945909752
0.445878226103291
0.03920489456281592
0.3436051133870279
0.3365504741592708
0.03985378817958775
0.4414489405503585
0.06997281652564434
0.03985840701853361
0.6443950041740309
0.02020905896277414
0.4414450803809037
0.4414478026006304
0.0202097183496597
0.6443958310897014
0.03986061303343916
0.06996827795088996
0.4414515887904474
0.03985392000564217
0.3365488428848933
0.3296151323802469
0.04056863728724249
0.4371432106961441
0.07124722049227115
0.04057399983772223
0.6438609030418012
0.02038489322063487
0.4371393080906969
0.437141987191503
0.02038530862495907
0.643861729317696
0.04057648880326563
0.07124243316313915
0.4371458203013965
0.0405688138612695
0.3296135415453288
0.3228026016250684
0.04135823744704409
0.4329572182588307
0.07265184693260147
0.04136428582350483
0.6434177216384509
0.02061012183523484
0.432953227477894
0.4329558649983133
0.02061028217316721
0.6434185486135018
0.04136704001098451
0.07264682105642548
0.4329597803063119
0.04135845742210674
0.3228010494816928
0.3161146303280575
0.04222976501952738
0.4288898230995558
0.07419122172125606
0.04223643619632971
0.6430626176399081
0.02090087686144833
0.428885697210844
0.4288882940686785
0.02090077571677669
0.643063447246695
0.04223943535944558
0.07418596748689743
0.4288923284503131
0.04223002680657707
0.3161131150695491
0.3095529081411164
0.04318853114272486
0.4249399302253084
0.07586870566652466
0.04319575799818526
0.6427927973832197
0.02127068770842657
0.4249356209281275
0.4249381773698866
0.02127032314007072
0.6427936321025467
0.04319897964401423
0.07586323321388075
0.4249423695592612
0.04318883297713177
0.3095514279073772
0.3031190981060342
0.04423787322721368
0.4211065312183003
0.07768647652544214
0.0442455854840216
0.6426055373576962
0.02172985425730899
0.4211019886646705
0.4211045042207409
0.02172922856675721
0.6426063801651536
0.04424900514774352
0.07768079591193949
0.421108895084687
0.04423821322397409
0.303117650994594
0.2968148670073836
0.04537909913312065
0.4173887406161189
0.07964552304388173
0.04538722417201764
0.6424981988029694
0.02228497070861673
0.4173839132127271
0.4173863866707938
0.02228409017901468
0.6424990531122872
0.0453908156925955
0.07963964422341122
0.4173910194771012
0.0453794753386636
0.2968134510910619
0.2906419128847689
0.04661148387145125
0.4137858261054454
0.08174565082384605
0.04661994739127789
0.642468235083193
0.02293862090126831
0.4137806603170071
0.4137830897070745
0.02293749553554146
0.6424691046851615
0.0466236831842063
0.0817395836273685
0.4137880103854686
0.04661189430296257
0.2906405262380886
0.2846019887891363
0.04793231736852176
0.4102972315841077
0.08398549974223424
0.04794104387317943
0.6425131917593789
0.02368925796463479
0.4102916717399671
0.4102940543316739
0.0236879012382499
0.6425140807575229
0.0479448951979584
0.08397925386109847
0.4102993117232494
0.0479327600396377
0.2846006295233864
0.2786969219580434
0.04933700059419805
0.4069225923841752
0.08636257256296426
0.04934591369483257
0.6426306996243869
0.02453127275329285
0.4069165804914006
0.4069189128066741
0.02452970139039864
0.642631612368352
0.0493498509159973
0.08635615753837386
0.4069245588897207
0.04933747352991453
0.2786955882626716
0.2729286277295609
0.05081918624896347
0.4036617421952995
0.0888732743209025
0.05082820877232666
0.6428184612364942
0.02545524692053539
0.4036552177647162
0.4036574956053822
0.02545348069946464
0.6428194022531694
0.05083220161401383
0.08886669953842609
0.4036635856925327
0.05081968748975101
0.2729273179160587
0.2672991176648467
0.05237095921401615
0.4005147115212756
0.09151296197668457
0.05238001311052769
0.6430742317639231
0.02644837811671868
0.4005076114144167
0.4005098299047153
0.02644643970453397
0.6430752056856752
0.05238403090630429
0.09150623666473989
0.4005164228045593
0.05237148681086563
0.2672978302071482
0.2618105015215245
0.05398305113624462
0.3974817178008395
0.09427600376919677
0.05399205717886349
0.6433957951783041
0.02749505701160231
0.3974739761047366
0.3974761297482758
0.0274929718221286
0.6433968066667963
0.05399606912031838
0.09426913699928589
0.3974832878879618
0.0539836031396538
0.261809235086117
0.2564649829011962
0.05564508285110061
0.3945631476211483
0.09715584761562604
0.05565396010963527
0.6437809370098804
0.0285775689907101
0.3945546955472471
0.3945567782979759
0.02857536505599102
0.6437819906732776
0.05565793549824242
0.09714884830224782
0.394564567815143
0.0556456572995676
0.2564637363616162
0.2512648485847292
0.05734582785339951
0.3917595317312179
0.1001450978240155
0.0573544929232344
0.6442274149915211
0.02967688777106412
0.3917502975107613
0.3917523028583809
0.02967459561266293
0.6442285152932316
0.05735840142859477
0.1001379747247814
0.3917607936928206
0.05734642277029914
0.2512636210186843
0.2462124517729772
0.05907348972231861
0.3890715138135753
0.1032355992912598
0.05908185568973567
0.6447329289758408
0.03077352408309139
0.3890614225355182
0.3890633436066514
0.03077117656712362
0.6447340801355835
0.05908566761207935
0.1032283610130472
0.3890726096431779
0.05907410313055822
0.2462112424440818
0.2413101896707146
0.06081598630706561
0.3864998142000244
0.106418528281011
0.06082396145031786
0.6452950915242321
0.03184839018827807
0.3864887875377828
0.3864906172130676
0.03184602234562918
0.6452962974175884
0.06082764797737551
0.1064111833022416
0.3865007365226467
0.06081661626358244
0.2413089979990148
0.2365604760739174
0.0625612335845665
0.3840451899264476
0.1096844888406514
0.06256871983749854
0.6459114005463342
0.03288364048339195
0.3840331457446454
0.3840348767879043
0.03288128927288123
0.6459126646150166
0.06257225328054991
0.1096770455571991
0.3840459319722943
0.0625618782225851
0.2365593016008402
0.2319657098132063
0.06429742238252165
0.381708392686581
0.1130236139183359
0.06430431361680634
0.6465792152887085
0.03386344977931602
0.3816952445787402
0.3816968697704407
0.03386115376720547
0.6465805404757201
0.06430766761314818
0.113016080709826
0.3817089483642709
0.06429807994038199
0.2319645521686797
0.2275282400433773
0.06601328158211889
0.3794901263122366
0.1164256702247378
0.06601946178390818
0.6472957367931478
0.03477469389544877
0.3794757831425622
0.3794772954098411
0.03477249282399507
0.647297125512038
0.06602261146209593
0.1164180555274363
0.3794904902756451
0.06601395040410885
0.2275270989234303
0.2232503294516165
0.06769832195683582
0.3773910053493665
0.1198801658167225
0.06770366337507515
0.6480579936683577
0.03560750180685828
0.3773753708484885
0.3773767633879468
0.03560543603156918
0.6480594478058588
0.0677065854882539
0.1198724781886758
0.3773911730569552
0.06769900046836015
0.2232492046106066
0.2191341165088382
0.06934305546937299
0.3754115161516399
0.1233764593068987
0.06934741680053708
0.6488628337086686
0.03635565457091605
0.3753944885889416
0.3753957549821105
0.03635376435910857
0.648864354651397
0.06935008983644603
0.1233687074799437
0.3754114839144213
0.06934374214065506
0.219133007764104
0.2151815779223637
0.07093918562652132
0.3735519817294358
0.126903869577756
0.070942410292301
0.6497069216136531
0.0370168134292854
0.3735334536823584
0.3735345880055858
0.03701513812541146
0.6497085102859222
0.0709448145668834
0.1268960625024783
0.373551746746681
0.07093987894119327
0.2151804851668012
0.2113944924621265
0.07247976536484624
0.3718125313824546
0.1304517849184832
0.07248167994039012
0.6505867428152861
0.03759256746838341
0.3717923896416057
0.3717933865663479
0.03759114455205553
0.6505883997141572
0.07248379767918434
0.1304439317958802
0.3718120917737272
0.07248046379290869
0.2113934156822296
0.2077744073053534
0.07395931983104044
0.370193075909132
0.1340097705231202
0.07395973271348968
0.6514986131873037
0.03808829963347336
0.3701712015624994
0.3701720564525321
0.03808716368752126
0.6515003384092246
0.07396154812250609
0.1340018808492935
0.3701924307498547
0.0739600218249466
0.2077733466093333
0.204322607951085
0.07537393233477316
0.3686932889403624
0.1375676733169436
0.0753726327328576
0.6524386942453175
0.03851287830050337
0.3686695577013895
0.3686702666964738
0.03851205994127487
0.6524404874986469
0.07537413205976429
0.1375597569157509
0.3686924383105415
0.07537463632541161
0.2043215636094762
0.2010400926884542
0.0767212926745868
0.3673125946105369
0.1411157231379104
0.07671805002384983
0.6534030131639104
0.0388781895835543
0.367286877436248
0.367287437523328
0.03887771439156021
0.653404873772383
0.07671922160875183
0.1411077901905078
0.3673115396520128
0.07672199706647476
0.2010390651882395
0.1979275524249258
0.07800070786546835
0.3660501615297867
0.1446446292947045
0.07799527176128306
0.6543874868448266
0.03919853288834071
0.3660223255754997
0.3660227346438001
0.03919842038774361
0.6543894137497954
0.07799610607718804
0.1446366903625406
0.3660489045014469
0.07800141102021126
0.197926542531717
0.1949853565299859
0.07921307611731333
0.3649049027309617
0.1481456715834701
0.07920517684790625
0.6553879491156401
0.03948990844555593
0.3648748126757142
0.3648750695534098
0.03949017117984419
0.6553899408861537
0.07920566653332115
0.1481377376258913
0.3649034470488283
0.07921377632182557
0.1949843653490618
0.1922135451601601
0.08036082565207679
0.3638754810253129
0.1516107848923167
0.08035017539773223
0.6564001800650653
0.03976923047561833
0.363843000786026
0.3638431052562571
0.03976987322604048
0.6564022349213985
0.08035031528687396
0.1516028672775085
0.3638738312784168
0.08036152107461347
0.1922125741869122
0.189611828328113
0.08144782060813585
0.3629603190069692
0.1550326365483358
0.08143411535596309
0.657419936496733
0.04005350300999833
0.362925313835229
0.362925266634606
0.04005452219568621
0.6574220523485343
0.08143390251274085
0.1550247470766894
0.3629584809436361
0.08144850925628962
0.1896108794800789
0.1871795917705366
0.08247923687682508
0.3621576128014529
0.1584046956327529
0.08246215907292642
0.6584429825107417
0.04035899706668199
0.3621199517455513
0.3621197545378348
0.04036038037101711
0.6584451570026102
0.08246159283575201
0.1583968465376359
0.3621555932927639
0.0824799165597794
0.1871786673994268
0.1849159094998943
0.08346141124185866
0.3614653485529256
0.1617212935331696
0.08344063320689081
0.6594651192461163
0.04070046780722741
0.3614249072341393
0.36142456256887
0.04070219405303449
0.6594673498043285
0.08343971524700486
0.1617134974922688
0.3614631555340465
0.08346207954579012
0.1849150123829131
0.182819562689682
0.08440166759561042
0.3608813206848065
0.1649776750189731
0.08437685568596096
0.6604822130076815
0.04109044849994715
0.3608379843404115
0.3608374955936459
0.04109248779865583
0.6604844968792963
0.08437559007892684
0.1649699451564711
0.3608789630803471
0.08440232187669496
0.1828186960030735
0.1808890644099202
0.08530812437972835
0.360403150981403
0.1681700392499934
0.08527894387441062
0.6614902210678717
0.04153865458983542
0.3603568177071116
0.3603561890079681
0.04154096877672656
0.6614925553454931
0.0852773371827346
0.1681623891313301
0.3604006386172995
0.08530876177051075
0.1808882316883415
0.1791226895510006
0.08618948765698917
0.3600283076622698
0.1712955701873016
0.08615560831844345
0.6624852146206638
0.04205152612979209
0.3599788917765142
0.3599781279220222
0.04205406948888777
0.6624875962486478
0.08615366968076651
0.1712880138056258
0.3600256511656475
0.08619010508528074
0.179121894636579
0.1775185091341477
0.08705483440052016
0.3597541237584805
0.1743524559756645
0.08701593662914359
0.6634633985218044
0.04263193042275859
0.3597015591967806
0.3597006655579787
0.04263465069536007
0.663465824281821
0.08701367785015066
0.1743450077301055
0.3597513344470999
0.08705542861989936
0.1775177561190999
0.1760744280848934
0.08791339068596904
0.3595778142635234
0.1773398969717399
0.08786917215704523
0.6644211276147044
0.04327903924666251
0.3595220578979386
0.359521040320719
0.04328187890740373
0.6644235940907075
0.08786660779081903
0.1773325716383239
0.3595749040278798
0.08791395831834803
0.1760737212513566
0.1747882254498724
0.08877430949078641
0.3594964917079985
0.1802581022064085
0.08872449213306929
0.6653549196046981
0.04398838681087238
0.3594375264765129
0.3594363911815206
0.0439912845845413
0.665357423129177
0.08872163955097118
0.1802509149026989
0.359493472891013
0.0887748470825466
0.1747875692098102
0.1736575959696939
0.08964645274561511
0.3595071799852035
0.1831082741923834
0.08959078989591107
0.6662614645993806
0.04475210599457572
0.3594450177114347
0.3594437711982437
0.04475499857610585
0.6662640011847971
0.0895876693285115
0.1831012403367361
0.3595040652659526
0.08964695683892962
0.1736569948064716
0.1726801918836336
0.09053818214858303
0.3596068264228284
0.1858925821172491
0.09047646569748131
0.6671376315721804
0.04555933184155756
0.3595415102097217
0.359540159171197
0.04556215577080204
0.6671401968335491
0.09047310023910513
0.1858857173827743
0.3596036287111085
0.09053864936796883
0.1726796502952957
0.1718536638355856
0.09145716304716173
0.3597923122448123
0.1886141235936651
0.09138923037559339
0.6679804721227668
0.04639675313823537
0.3597239183404954
0.3597224695914666
0.04639944677064121
0.6679830611997556
0.09138564594048831
0.1886074438553188
0.359789044592575
0.09145759019950442
0.1718531862788402
0.1711756997744275
0.09241018541214219
0.3600604616880547
0.1912768752746731
0.09233592590923138
0.6687872219877183
0.04724928558296421
0.3599891007418224
0.3599875611682177
0.04725179108850494
0.668789829474107
0.09233215113206299
0.191270396545803
0.3600571372216586
0.09241056959241727
0.1711752906086388
0.1706440607959851
0.0934030055833177
0.3604080501342495
0.19388563277772
0.09332236652760065
0.6695553008071666
0.04810083392873989
0.3603338677930478
0.3603322443213318
0.04810309924346189
0.6695579206947977
0.09331843260537183
0.1938793711296867
0.360404682009917
0.09340334427964014
0.1706437242278001
0.1702566129584825
0.09444021205141234
0.3608318116841792
0.1964459405014675
0.09435320363564458
0.6702823106686695
0.04893510587406595
0.3607549885087297
0.3607532880975267
0.04893708652432449
0.670284936307497
0.09434914411431908
0.1964399119591714
0.3608284130664559
0.09444050323952169
0.170256352989303
0.1700113542195152
0.09552511806504467
0.3613284466425758
0.1989640120571348
0.09543181735306466
0.6709660339393611
0.04973643764037695
0.3612491973521141
0.3612474270059965
0.0497380983580373
0.6709686580102935
0.0954276678656617
0.198958232465248
0.3613250307028867
0.09552536028575237
0.1700111745984351
0.1699064357898734
0.09665968332633504
0.3618946293960175
0.201446642164776
0.0965602369483643
0.6716044308660316
0.05049059028108383
0.3618132014765998
0.3618113682818963
0.05049190632947998
0.6716070453601293
0.09655603491114517
0.2014411270254688
0.3618912093244179
0.09665987574278763
0.1699063399736401
0.1699401773739777
0.0978444664717053
0.3625270171511929
0.2039011109784989
0.09773909189282075
0.672195637368903
0.05118547689385972
0.3624436888858498
0.3624418000671943
0.05118643502859233
0.6721982335672967
0.09773487616216532
0.2038958752697801
0.362523606170024
0.0978446089067552
0.1699401684941731
0.1701110759618435
0.09907860943606399
0.363222259955112
0.2063350819011056
0.09896759466785271
0.6727379633804709
0.05181178402719654
0.3631373379559252
0.3631354009496277
0.05181238302310679
0.6727405318336599
0.09896340515514829
0.2063301398917241
0.3632188713203285
0.09907870239211418
0.1701111567992844
0.1704178080456931
0.1003598541758554
0.3639770123401708
0.2087564940295523
0.1002435558372292
0.6732298919870709
0.05236345555516009
0.3638908286843172
0.3638888512208095
0.0523637062427797
0.6732324224974502
0.1002394330764315
0.2087518591074157
0.3639736593172603
0.1003598988400722
0.1704179810132881
0.1708592253482701
0.1016845915839348
0.3647879468251863
0.2111734504403671
0.1015634312462109
0.6736700795235707
0.05283801391528373
0.3647008559210413
0.3646988461053438
0.05283793868970742
0.6736725611386974
0.1015594159117089
0.2111691349658546
0.3647846426329975
0.101684589821561
0.1708594924846122
0.1714343443623994
0.103047941771608
0.3656517693626697
0.2135941035786614
0.1029224005400623
0.6740573566578999
0.0532367015525116
0.3655641446982204
0.3655621110765191
0.05323633334705771
0.6740597776831143
0.1029185329204682
0.2135901187654542
0.3656485270878162
0.1030478961099638
0.1714347073372548
0.1721423302038174
0.1044438642280126
0.3665652366630359
0.2160265390529432
0.1043144755183766
0.6743907303882729
0.05356443430366761
0.3664774676134643
0.3664754192165035
0.05356381505804744
0.6743930784267848
0.1043107949610907
0.2160228948730803
0.3665620691552522
0.1044437778337539
0.1721427903330702
0.1729824754630868
0.1058652957087456
0.3675251751641015
0.2184786591596221
0.1057326361807627
0.6746693867684057
0.05382956785480605
0.3674376640522224
0.3674356104112134
0.05382874654650456
0.6746716487961448
0.1057291805286296
0.2184753642695227
0.3675220949249739
0.1058651723603642
0.1729830337262991
0.1739541748997527
0.1073043130726988
0.3685285012642907
0.2209580674672761
0.1071689916949174
0.6748926940807722
0.05404348783845593
0.3684416608708287
0.3684396120062682
0.05404251817864594
0.6748948565622148
0.1071657967384276
0.2209551291555145
0.3685255203380472
0.1073041571288213
0.1739548319512226
0.1750568969460519
0.1087523176959176
0.3695722423092611
0.2234719557823658
0.1086149629418292
0.6750602061012562
0.05422004313099268
0.3694864940161711
0.3694844604026776
0.054218981047385
0.6750622551509056
0.1086120619094851
0.2234693799436413
0.3695693721783653
0.1087521340578883
0.175057653112342
0.176290153069335
0.1102002375555978
0.3706535577137707
0.2260269947902132
0.1100614827644558
0.675171665039787
0.05437485000019653
0.3705693304298466
0.3705673229405488
0.05437375103786447
0.6751735866318969
0.1100589058718935
0.2260247859297346
0.3706508091982731
0.1102000316207101
0.176291008333651
0.1776534660712037
0.1116387426035752
0.371769759508639
0.2286292296088533
0.1114992095616849
0.6752270036934286
0.05452450151892224
0.3716874894670191
0.371685519300568
0.05452341828857254
0.675228783919738
0.1114969836378145
0.2286273908766725
0.3717671426689931
0.1116385202039868
0.1776544200559863
0.1791463383741113
0.1130584686464796
0.3729183315269926
0.2312839814115638
0.1129187494433503
0.6752263463062143
0.0546857217492614
0.3728384629540104
0.3728365415461882
0.05468470154402726
0.6752279716782373
0.1129168976478595
0.2312825146590367
0.3729158555746116
0.1130582359694804
0.1791473903432816
0.1807682212866834
0.1144502446379285
0.3740969464001206
0.2339957562015394
0.1143108818510636
0.6751700076135196
0.05487450734720828
0.3740199329404683
0.3740180718589163
0.05487359003811627
0.6751714654018546
0.1143094234885666
0.2339946620449588
0.3740946196253788
0.1144500081267039
0.1807693701906327
0.1825184862057103
0.1158053180968435
0.3753034795559217
0.2367681618253553
0.1156667834435045
0.6750584896140179
0.05510530027765968
0.3752297862299474
0.3752279970423056
0.05510451658821482
0.6750597682123991
0.1156657338619057
0.2367674396986031
0.3753013092857397
0.1158050843363901
0.1825197307782831
0.1843963987561952
0.1171155733248605
0.3765360195341201
0.2396038344204794
0.1169782451802515
0.6748924758057089
0.05539023420163718
0.3764661249452993
0.3764644190404294
0.05538960445293062
0.6748935651034738
0.1169776157179511
0.2396034826028109
0.3765340121279174
0.1171153489213855
0.1843977376447349
0.1864010969447361
0.1183737372033636
0.3777928741390978
0.2425043756099288
0.1182378777859384
0.6746728228953415
0.05573849382773936
0.3777272726687811
0.3777256610076594
0.05573802722898603
0.6746737146415719
0.1182376757199215
0.2425043912274921
0.3777910350235649
0.11837352866294
0.1864025288287704
0.1885315743455249
0.1195735675506099
0.3790725721636972
0.2454703016969934
0.1194393008946273
0.6744005501834431
0.0561558212132298
0.3790117759546614
0.3790102687414468
0.05615551573971855
0.6744012383299771
0.119439529355555
0.2454706807110553
0.3790709058972722
0.1195733811548247
0.1885330979996961
0.1907866690411604
0.1207100192413452
0.3803738605543229
0.2485010058117476
0.1205773110928436
0.6740768268333959
0.05664419586447151
0.3803184011296994
0.3803170074198184
0.05664403871979246
0.6740773078491382
0.1205779689492589
0.2485017430124115
0.3803723709068987
0.1207098609125288
0.1907882833274882
0.1931650586107819
0.1217793835446278
0.3816956969647962
0.2515947335912409
0.1216480240531198
0.673702957144567
0.05720170686379525
0.381646126323494
0.3816448536074357
0.05720167548342181
0.6737032302949412
0.1216491057984928
0.2515958226077508
0.3816943869989559
0.1217792586975078
0.19316676241851
0.1956652611160698
0.1227793965192916
0.3830372377609446
0.2547485727399766
0.1226489862826839
0.673280363945161
0.05782262559743603
0.3829941287614839
0.3829929825694863
0.05782268912866603
0.6732804315276397
0.1226504819666402
0.2547500060652388
0.3830361099060885
0.1227793099062936
0.1956670532781838
0.1982856418662771
0.1237093128974182
0.3843978217461047
0.2579584567269754
0.1235792527317101
0.6728105703548417
0.05849767747812305
0.3843617675785859
0.3843607511462324
0.05849779866322679
0.6728104378774531
0.1235811479645492
0.2579602257455326
0.384396877861455
0.1237092684624115
0.1982875210700342
0.2010244256594385
0.1245699426630694
0.3857769501375965
0.2612191828077152
0.1244394274206858
0.6722951803567463
0.05921450084584766
0.3857485627043108
0.3857476767309485
0.05921463823056859
0.6722948566441928
0.1244417034639302
0.2612212778168047
0.3857761915628266
0.1245699434189718
0.2010263903534817
0.2038797140957461
0.1253636484243584
0.3871742635590731
0.2645244444294842
0.1252316651940864
0.6717358587704589
0.05995827148952524
0.3871541706313108
0.3871534131558526
0.05995838187272951
0.6717353559828608
0.1252342991388194
0.264526854648675
0.3871736911537883
0.1253636963649055
0.2038817623927981
0.2068495074142313
0.1260943026300802
0.3885895169779152
0.2678668778887799
0.1259596336469056
0.6711343112970751
0.06071246245780559
0.3885783580571122
0.3885777244683237
0.06071250349115444
0.6711336448485663
0.1259625986776323
0.2678695914607818
0.3885891311556554
0.1260943986787421
0.2068516369945619
0.2099317301444102
0.1267672046735484
0.3900225536040429
0.2712381228902996
0.1266284352184142
0.6704922653225387
0.06145970149049528
0.3900209744836962
0.3900204576719428
0.06145963433244905
0.6704914536923263
0.1266317009577381
0.2712411268817641
0.3900223543716992
0.1267673486623471
0.2099339381774578
0.2131242597143645
0.1273889589485209
0.3914732787775548
0.2746288964401647
0.1272444904230164
0.6698114521225307
0.0621826829100032
0.3914819248658681
0.3914815155119446
0.0621824748353883
0.6698105165573173
0.1272480233544997
0.274632176853859
0.3914732657970074
0.1273891496131598
0.2131265428176436
0.2164249570348349
0.1279673159568691
0.3929416348195383
0.278029079298605
0.1278153841839545
0.6690935910278268
0.06286508747894598
0.3929611433351188
0.3929608303190912
0.06286471434320219
0.669092555143628
0.12781914814981
0.2780326211062667
0.3929418075075786
0.127967550929061
0.2164273112877353
0.2198316979959173
0.1285109795914361
0.3944275777070553
0.2814278140295768
0.1283496782355647
0.668340375999214
0.06349246275342521
0.3944585688924244
0.3944583397951553
0.06349191120629771
0.6683392652987659
0.1283536350071628
0.2814316012272382
0.3944279353817562
0.1285112553723393
0.2198341190143268
0.2233424047707768
0.1290293847085996
0.3959310562731767
0.2848136135205758
0.128856693546853
0.6675534649493982
0.06405301791110658
0.3959741237835609
0.3959739654473385
0.06405228724822848
0.667552306276501
0.1288608034662015
0.2848176291987128
0.3959315983378772
0.1290296966170205
0.2233448878346851
0.2269550758251846
0.1295324500348743
0.3974519944389566
0.2881744787095014
0.1293462676675231
0.6667344720575215
0.06453829085265703
0.3975076950714523
0.3975075941856816
0.06453739438766254
0.666733293009643
0.1293504903569519
0.2881787051246767
0.3974527205743137
0.129532792138083
0.2269576160388151
0.2306678135796579
0.1300303122941028
0.3989902767741808
0.2914980241508839
0.1298284927747365
0.6658849632559225
0.06494365139070568
0.3990591197283864
0.3990590634116441
0.06494261722950362
0.6658837915713995
0.1298327879092072
0.29150244278728
0.3989911870932119
0.13003067734125
0.2306704060350132
0.2344788487546297
0.1305330481672178
0.4005457374748413
0.2947716099800574
0.1303134409594937
0.6650064550097805
0.06526861227507093
0.400628173396791
0.4006281497557095
0.06526748338161542
0.6650053179404934
0.1303177690919673
0.2947762015974427
0.4005468325950252
0.1305334275501154
0.2344814886670211
0.2383865605386873
0.131050391276384
0.4021181526511746
0.2979824787824502
0.1308108838879576
0.664100416427387
0.06551692928736685
0.4022145627995252
0.4022145614541025
0.06551576274855517
0.6640993401066524
0.1308152073139957
0.2979872234559483
0.4021194336541762
0.1310507750377765
0.2383892433281531
0.2423894918476937
0.131591451791802
0.4037072356456481
0.3011178958304506
0.1313300143683799
0.6631682746098964
0.06569648222242711
0.4038179215979338
0.4038179341681601
0.06569534764903255
0.6631672834311464
0.1313342980126436
0.3011227729917672
0.4037087039229507
0.1315918286901066
0.2423922131531372
0.2464863590865351
0.1321644464690998
0.4053126349469007
0.3041652910992699
0.1318791775324467
0.6622114229828177
0.06581893974432755
0.4054378092924685
0.4054378298409267
0.06581791678512108
0.6622105390146642
0.131883389837188
0.3041702795871444
0.4053142919555893
0.1321648040960674
0.246489114716048
0.2506760559865675
0.1327764469187803
0.4069339341361348
0.3071124014123369
0.1324656193007057
0.661231232178745
0.06589922230496434
0.4070737125596896
0.4070737379804165
0.06589839730209215
0.6612304746513302
0.1324697330943554
0.3071174795343664
0.4069357811020675
0.1327767718569707
0.2506788418214135
0.2549576512700806
0.1334331536718211
0.4085706532041776
0.3099474110030536
0.1330952595503765
0.6602290628936731
0.06595478797176708
0.408725048263218
0.408725078601585
0.0659542498448886
0.6602284477953683
0.1330992528723229
0.3099525566052953
0.4085726908056188
0.1334334316741419
0.2549604631462248
0.2593303800821202
0.1341387031283079
0.4102222505180234
0.3126590887252116
0.1337724969425159
0.6592062800278251
0.06600477557114542
0.4103911673019983
0.4103912059862536
0.06600461108105604
0.6592058198492274
0.1337763537974787
0.3126642792629176
0.4102244785661588
0.1341389193017235
0.259333213671436
0.2637936293180339
0.1348955137618211
0.4118881247015272
0.3152369201123062
0.1345000516955742
0.6581642673353914
0.06606904750682854
0.4120713584807596
0.4120714124437923
0.06606933610959273
0.6581639709903977
0.1345037627071934
0.3152421327165062
0.4118905418150896
0.1348956527403777
0.2637964800248553
0.2683469171543121
0.135704177024999
0.4135676157411394
0.3176712324946186
0.1352788517244948
0.6571044417405776
0.06616718052782739
0.4137648516949602
0.413764931364128
0.06616798908077191
0.657104314683405
0.1352824146536876
0.3176764440355831
0.4135702190014114
0.1357042231221237
0.2683497800365534
0.2729898672664023
0.1365633973073784
0.4152600047597524
0.319953311454197
0.1361079665247166
0.6560282664504806
0.06631745626141264
0.4154708198887013
0.4154709390219474
0.06631883387553839
0.6560283109924656
0.1361113866163472
0.3199584986120125
0.4152627893352882
0.1365633346425896
0.2729927369865836
0.2777221784092131
0.1374699840822154
0.4169645121339554
0.3220755070404218
0.1369845919982481
0.6549372620509257
0.06653590423467395
0.4171883794393663
0.4171885547900762
0.06653787757734717
0.6549374778609811
0.1369878821228614
0.322080646400661
0.4169674708801707
0.1374697966815226
0.2777250492199849
0.2825435902570516
0.1384188980579035
0.4186802939233015
0.3240313283580043
0.1379040881047229
0.6538330149301976
0.06683544820641966
0.4189165888279933
0.4189168396333835
0.06683801754007104
0.6538333996794531
0.1379072686708246
0.3240363965501712
0.418683416981061
0.1384185699288468
0.2825464560259789
0.287453846627284
0.1394033516963715
0.420406436838351
0.3258155253182832
0.1388600697663815
0.6527171825961439
0.06722520188223902
0.4206544456618819
0.4206547929708255
0.06722833808375886
0.6527177326880658
0.1388631683895324
0.3258204992050624
0.4204097112667512
0.1394028668790473
0.287456700905543
0.2924526573938137
0.1404149628654622
0.4221419521251121
0.3274241564752103
0.1398445498828992
0.6515914956625125
0.06770995268633802
0.4224008823227995
0.4224013482014389
0.06771359543953748
0.6515922069825573
0.1398476008057057
0.327429013386456
0.4221453616006418
0.1404143054634948
0.2924554935330046
0.2975396604823481
0.1414439587127125
0.4238857688049781
0.3288546419600368
0.1408481316958462
0.6504577564264913
0.06828986265968749
0.4241547607040163
0.4241553673713933
0.06829391995976267
0.6504586250517607
0.1408511749566513
0.3288593599563867
0.4238892934061015
0.1414431129169178
0.2975424718048311
0.302714385305469
0.1424794251895279
0.4256367267506252
0.3301058006240083
0.1418602461687809
0.6493178340250119
0.06896040434074791
0.4259148666378672
0.4259156355846557
0.06896475339732605
0.6493188568464461
0.1418633265204988
0.3301103587750721
0.4256403428345022
0.1424783753214969
0.3027171653363021
0.3079762188175303
0.1435095961029224
0.4273935701068772
0.3311778706086373
0.1428694285494691
0.6481736561149263
0.06971253730524044
0.4276799046353455
0.4276808557672518
0.06971702687908798
0.6481748313385411
0.1428725941378345
0.331182249276765
0.4273972502855687
0.1435083267198611
0.3079789615854555
0.3133243750097558
0.1445221741738149
0.4291549415005118
0.3320725126695741
0.1438636268582108
0.6470271968287895
0.07053311854547059
0.4294484933718642
0.4294496441888037
0.07053757271171589
0.6470285243514752
0.1438669276759426
0.332076693796612
0.4291586547440025
0.1445206702802204
0.3133270754139638
0.3187578681596439
0.1455046753825176
0.4309193772701358
0.3327927956995855
0.1448305337739594
0.6458804604664654
0.07140552766249891
0.4312191619425138
0.4312205267042202
0.07140975097091488
0.6458819421784459
0.1448340199046658
0.3327967630998667
0.430923089191485
0.1455029227813322
0.318760522378701
0.3242754897619449
0.1464447869418405
0.4326853037306779
0.3333431641314571
0.145757932479661
0.6447354603163071
0.07231047638907757
0.4329903465096239
0.4329919352712344
0.0723142603653808
0.6447371004174886
0.1457616521522367
0.333346903805195
0.4326889771001433
0.1464427727315915
0.3242780956628668
0.32987578927357
0.1473307285938653
0.4344510346289031
0.3337293873499588
0.1466340467592414
0.643594192698289
0.07322696164500261
0.4347603871262132
0.4347622045516486
0.07323009247441996
0.6435959980144685
0.146638044310883
0.3337328878457427
0.4344546300595408
0.1473284417962168
0.3298783467710494
