0.9984035538966234
0.9936374724722616
0.9858221496350691
0.9754403114507604
0.9623600156761554
0.9469857196373114
0.9296754537052437
0.9107916559677857
0.8906921967945183
0.8697184459831511
0.8481828968614763
0.8263603543416443
0.8044811252050178
0.7827279659294715
0.7612354242718919
0.7400917249612199
0.7193424877210683
0.69899598265458
0.679029471666176
0.6593962163187074
0.6400327902336924
0.6208663647720265
0.6018216494339171
0.5828272898694137
0.5638213199942808
0.5447556046353542
0.5255990167892802
0.5063393745219847
0.4869838900075769
0.467558407919714
0.448105465939442
0.4286814172264586
0.4093529876880985
0.3901933385501333
0.3712781976205874
0.3526822086288313
0.3344757564238167
0.3167224293155388
0.2994772078999886
0.2827853994351607
0.2666822803597607
0.2511933676363429
0.2363352098295722
0.2221165631169883
0.2085397844731577
0.1956022343796718
0.1832974620117644
0.1716160084944639
0.160545830449726
0.1500725163438593
0.1401795117805629
0.1308484721463053
0.122059718825098
0.1137926971901238
0.1060263461570783
0.09873934401602549
0.0919102445134577
0.08551754032140303
0.07953969169170819
0.07395514944563485
0.06874239248758018
0.06387999262015087
0.05934671297998271
0.05512164053091947
0.05118434781791675
0.04751507493478745
0.04409491962769413
0.0409060215587975
0.0379317258973549
0.03515671187386136
0.03256707414326798
0.03015034893221009
0.02789548286924488
0.02579274880154823
0.02383361725920362
0.02201059399126139
0.0203170348018902
0.01874694924081528
0.01729480451566489
0.01595534163393913
0.01472341766623966
0.01359388738095044
0.0125615300898843
0.0116210169032511
0.01076690782083148
0.009993668528689567
0.009295698991769453
0.008667367672417468
0.008103047002748666
0.007597147837532196
0.007144152309190649
0.006738645300467342
0.006375344996652799
0.006049133318432427
0.005755087567525978
0.005488514865771624
0.005244990497769676
0.005020400114067201
0.004810984326909318
0.004613382971798733
0.004424675456398069
0.004242413230003482
0.004064640487678494
0.003889899815398055
0.003717220619607601
0.003546089774914295
0.0033764057046641
0.003208418733668338
0.003042661733067336
0.002879875677708225
0.002720934773887346
0.002566775410679982
0.002418332499270852
0.002276485919577136
0.002142018836198701
0.002015588547278251
0.001897709323930506
0.001788745653253149
0.001688913809664626
0.00159828979862117
0.001516821989897125
0.001444346824167052
0.001380606007936323
0.001325263876799538
0.001277924033425589
0.001238144733648273
0.001205452723870619
0.001179355389647475
0.001159351236297593
0.001144938898995647
0.001135625011867006
0.001130931279409863
0.001130400977903076
0.001133604939088965
0.001140146923628164
0.001149668221372448
0.001161851305804884
0.001176422388695173
0.001193152751518173
0.001211858780771297
0.00123240072343492
0.001254680310873733
0.001278637546409319
0.001304247058004176
0.001331514431579489
0.001360472856731199
0.001391180281945189
0.00142371715759786
0.001458184782503093
0.001494704263258134
0.001533416125024482
0.001574480657445064
0.00161807911404472
0.001664415866098978
0.001713721507275707
0.001766256727483969
0.001822316604183284
0.001882234914549726
0.001946388248404215
0.002015200099144385
0.002089145537012393
0.00216875710859613
0.002254631851409099
0.002347437935379945
0.002447918477872488
0.002556890561779019
0.002675239132693934
0.002803906831009207
0.002943880986619586
0.003096178308523719
0.003261827076085839
0.003441846322223267
0.00363722154951853
0.003848876752601322
0.004077642839075141
0.004324222962688713
0.004589155856599489
0.004872778986137203
0.005175194156455747
0.005496238972275763
0.00583546808895776
0.006192148375180711
0.006565271860183988
0.006953589686540172
0.007355669308447805
0.00776997591737852
0.008194977514511259
0.008629271105995314
0.009071725191749327
0.009521631355046351
0.009978855938026727
0.0104439820727888
0.01091843285031646
0.01140456786926334
0.01190574759316602
0.01242636271415063
0.01297182808179533
0.01354854056429575
0.01416379706999008
0.01482566810593182
