0.9984035538966234
0.9936565153947587
0.9858832247361543
0.9752826504794792
0.9621169373850609
0.9466967337448318
0.9293645835364848
0.910477805885644
0.8903920080646623
0.8694463181462528
0.8479510778813117
0.8261784374781058
0.804356083981569
0.7826639606286095
0.7612337710013953
0.7401509024548686
0.7194582576505448
0.6991615951410036
0.6792359471363516
0.659632693518822
0.6402869300266191
0.6211247930536978
0.602070438440804
0.5830524544281488
0.5640093066879788
0.5448937600442816
0.525676010129552
0.5063455655225089
0.4869116233889106
0.4674022141312154
0.447862175132769
0.4283501791309505
0.4089352114226046
0.3896925735966028
0.3706999463365802
0.3520337169102797
0.3337657877442808
0.3159610481384489
0.2986755795762759
0.2819556091878914
0.2658371532016364
0.2503462475188068
0.2354996327987637
0.2213057518131729
0.2077659275577327
0.1948756003062814
0.1826255269318235
0.1710028645028014
0.1599921016175914
0.1495758257269509
0.1397353277191221
0.1304510562459633
0.1217029409412474
0.1134706061215158
0.1057334973604066
0.09847094419023322
0.09166218317405372
0.08528636352950306
0.07932255218406348
0.07374975064354776
0.06854693353125538
0.06369311624223369
0.05916745574158612
0.05494938427111634
0.05101877125573689
0.04735610472569063
0.04394268053687082
0.04076078568763626
0.03779386122943487
0.03502663097437649
0.03244518452247526
0.03003700700562547
0.02779095353366078
0.02569717251565312
0.02374698613461717
0.02193273802853175
0.02024761901048766
0.01868548175657424
0.01724065506643273
0.01590776930952511
0.01468160681966303
0.01355698942182998
0.01252870671366473
0.0115914791616016
0.01073994673083787
0.009968675230272303
0.009272174305849208
0.008644922144979006
0.00808139342191299
0.007576088779094169
0.007123565321770019
0.006718467873036983
0.006355560706720125
0.006029759866948261
0.005736166913544056
0.005470105366058456
0.005227160769129082
0.005003224236112682
0.004794537983738321
0.004597740176823476
0.004409905597321348
0.004228578286217288
0.004051792392066666
0.003878078040010898
0.003706450139559541
0.003536379587128183
0.003367748040704514
0.00320078902190833
0.003036019267491218
0.002874164872356161
0.002716086849066403
0.002562710375115329
0.002414961348035053
0.002273713029145512
0.002139744561946199
0.002013711980588508
0.001896131059635919
0.001787370337074637
0.001687652268414644
0.001597060680588139
0.001515552938387703
0.001442975218239614
0.001379079292608076
0.001323539525560276
0.001275969222256507
0.001235935824677182
0.001202974651938417
0.00117660103046038
0.001156320815320043
0.001141639478175031
0.001132070062573901
0.001127140316932617
0.001126399206448669
0.001129422848329416
0.001135819789503535
0.001145235486246927
0.001157355832919129
0.001171909597795397
0.001188669649808091
0.001207452913875845
0.001228119090181919
0.00125056830941932
0.001274738032656623
0.001300599581817328
0.001328154664319892
0.001357432149784652
0.001388485233932912
0.001421389052697632
0.001456238808667523
0.001493148511608057
0.001532250470162914
0.001573695677697007
0.001617655204714126
0.001664322636373837
0.001713917470454401
0.001766689237083949
0.001822921975177424
0.001882938691716999
0.001947105627720502
0.002015836575335055
0.002089597952753261
0.002168915389109388
0.00225438171390407
0.002346664659067098
0.002446511470304048
0.00255474819848056
0.002672273344976682
0.00280004709979341
0.002939077589564661
0.003090404768027269
0.003255081780379439
0.003434153292036801
0.003628630336206692
0.003839461493213419
0.004067500553323204
0.004313471236731634
0.004577930093080756
0.004861229388294156
0.005163482552877143
0.005484535495635621
0.005823947627218029
0.006180986647731542
0.006554640956848066
0.006943652956669418
0.00734657559843249
0.007761853304372176
0.008187926825858942
0.008623359594702409
0.009066980735292999
0.009518037503127161
0.009976348164847926
0.01044244579495617
0.01091770413317434
0.01140443799280765
0.01190597214690868
0.01242667369691052
0.01297194310059319
0.01354815848461254
0.01416257031683635
0.01482315542565071
