0.9996002224615561
0.9984035538717232
0.9964179455190866
0.9936565145552914
0.9901373455524468
0.9858832204846572
0.9809212844744035
0.9752826593017352
0.969002000167833
0.9621170017677647
0.9546678896228992
0.9466968877333654
0.9382476775293376
0.9293648582388175
0.9200934181852275
0.9104782257166534
0.9005635474841123
0.8903926006761955
0.8800071446294626
0.8694471160134469
0.8587503060899537
0.8479520977894037
0.8370852464852486
0.8261797029399431
0.8152624907768723
0.804357626632286
0.7934860814563923
0.7826658054364306
0.7719117460838653
0.7612359538108431
0.7506476699964361
0.7401534610828561
0.729757396358754
0.7194611871926054
0.7092644480237883
0.6991648609808842
0.6891583946346024
0.6792395368183335
0.6694014812358726
0.6596364884512517
0.6499359940274005
0.6402908766739362
0.630691681565355
0.621128835982998
0.6115928551664847
0.6020745363461838
0.5925651319852889
0.5830565362633928
0.5735414094289475
0.5640133155172533
0.5544668260855005
0.5448976256556682
0.5353025413652641
0.5256796359450256
0.5160282333865206
0.5063488673728025
0.4966433130582736
0.4869145330224788
0.4771666150094677
0.4674047044370773
0.4576349186062317
0.447864247356777
0.4381004334720401
0.428351872356168
0.4186274785283499
0.4089365635117043
0.3992887076468641
0.3896936332381565
0.3801610968326311
0.3707007657193119
0.3613221178262063
0.3520343468600423
0.342846267193775
0.3337662557830211
0.3248021996659431
0.3159614067873809
0.3072505947725073
0.2986758634564413
0.2902426649840028
0.2819558219837482
0.2738195171752977
0.2658373022076645
0.2580121204889462
0.2503463326123237
0.2428417460499982
0.2354996488216221
0.2283208458461893
0.221305696992299
0.21445415594228
0.2077658090868959
0.2012399137550349
0.1948754351580885
0.1886710815184192
0.1826253369856388
0.1767364917389352
0.1710026710727596
0.1654218595226099
0.1599919240109574
0.1547106339897533
0.1495756790737955
0.1445846842799605
0.1397352230255995
0.1350248280591182
0.1304510005059649
0.1260112172170124
0.12170293660395
0.1175236031379426
0.1134706506774572
0.1095415047863799
0.1057335842107127
0.1020443016991255
0.098471064366285
0.09501127379374873
0.09166232603755728
0.08842161167468562
0.08528651598708718
0.08225441936021523
0.07932269796208083
0.07648872476371957
0.07374987095732292
0.07110350782172253
0.06854700907526644
0.06607775374366198
0.06369312955525805
0.06139053685914844
0.05916739304325638
0.0570211374106703
0.05494923645451436
0.05294918945519531
0.05101853430988798
0.04915485349295468
0.04735578003776948
0.04561900342487236
0.04394227525876418
0.0423234146157031
0.04076031294832326
0.03925093843987772
0.03779333971192952
0.03638564880401074
0.03502608336178344
0.03371294799044402
0.03244463475159657
0.03121962280324016
0.03003647720270527
0.02889384691003881
0.02779046204365701
0.02672513045127834
0.02569673366849237
0.02470422234548601
0.0237466112293955
0.02282297379378832
0.02193243660693846
0.02107417352717387
0.02024739980906045
0.01945136620197582
0.01868535312604751
0.01794866502004536
0.01724062496868825
0.01656056972576048
0.01590784524604974
0.01528180281760857
0.01468179584754695
0.01410717730802112
0.01355729780659641
0.01303150421623226
0.01252913878794048
0.01204953867014123
0.01159203576658544
0.01115595687370529
0.01074062404543129
0.01034535513858076
0.009969464495830768
0.009612263727623423
0.009273062559848973
0.008951169721096915
0.008645893850972192
0.00835654441854115
0.00808243264623054
0.007822872438712313
0.007577181318263381
0.007344681368255471
0.007124700185687721
0.006916571843128349
0.006719637860811739
0.006533248191197444
0.006356762220798587
0.00618954979673859
0.006030992287519505
0.005880483688144546
0.005737431778673266
0.005601259342448867
0.005471405446027752
0.005347326777648404
0.005228499035592795
0.005114418352403396
0.005004602736076686
0.004898593505209822
0.004795956691743652
0.00469628438246902
0.004599195968760466
0.004504339273177413
0.00441139152160082
0.004320060130583188
0.004230083281703725
0.00414123025799931
0.004053301522008404
0.003966128520553197
0.003879573207852486
0.003793527285611686
0.003707911165992022
0.003622672670419174
0.003537785483703895
0.003453247388650349
0.003369078310968658
0.003285318207861672
0.003202024836153034
0.003119271436939636
0.003037144374178621
0.002955740763891141
0.002875166129253899
0.002795532114787809
0.002716954290306781
0.002639550072390562
0.002563436787991433
0.002488729901374559
0.002415541421899747
0.002343978506054444
0.002274142262453041
0.002206126763159218
0.002140018258695203
0.00207589458783425
0.002013824767371424
0.001953868742479683
0.001896077275821351
0.001840491953814992
0.001787145291116532
0.001736060918479833
0.001687253843301392
0.001640730775041957
0.001596490508719818
0.001554524358997565
0.001514816635832991
0.001477345151206983
0.001442081745742045
0.001408992824341508
0.00137803989114401
0.001349180075781527
0.001322366644755462
0.001297549493468072
0.001274675615900257
0.001253689550084643
0.001234533798413977
0.001217149222508731
0.001201475412916474
0.001187451034371856
0.001175014147742657
0.001164102510125278
0.001154653854807212
0.001146606152968503
0.001139897859016913
0.001134468141343652
0.00113025710005988
0.001127205972960598
0.001125257330612036
0.001124355261097028
0.001124445544656898
0.001125475818152028
0.001127395729065505
0.001130157078595831
0.001133713953215855
0.001138022843945934
0.001143042752461738
0.001148735283036028
0.001155064719217846
0.001161998084084143
0.001169505182895515
0.001177558627070945
0.00118613383859054
0.001195209034268303
0.001204765189807986
0.001214785984147175
0.001225257725281282
0.001236169259456142
0.001247511866322203
0.00125927914307444
0.001271466881087731
0.001284072938606271
0.001297097112968873
0.001310541015576639
0.001324407952390581
0.00133870281225849
0.001353431964879185
0.001368603169760856
0.001384225497140619
0.001400309261504161
0.001416865968073503
0.001433908272390403
0.001451449952917676
0.001469505896413936
0.001488092095737896
0.001507225659727946
0.001526924834906366
0.001547209038955783
0.001568098906167863
0.001589616345292407
0.001611784610329093
0.001634628384731842
0.001658173879195101
0.001682448942697903
0.001707483185869059
0.00173330811514574
0.001759957275786132
0.001787466401705927
0.001815873570452906
0.00184521936245871
0.001875547024957737
0.001906902642475043
0.001939335317251601
0.001972897363952452
0.002007644522951261
0.002043636194771432
0.002080935695458289
0.002119610526363671
0.002159732646306788
0.002201378728888594
0.002244630382712719
0.002289574312342393
0.002336302401032762
0.002384911702927749
0.002435504340786434
0.002488187313342469
0.002543072222341133
0.002600274932205057
0.002659915175187935
0.002722116112568777
0.002787003859009394
0.002854706973635589
0.002925355918388972
0.002999082482052206
0.003076019167063418
0.003156298535672713
0.003240052511924606
0.003327411636187371
0.003418504269384602
0.003513455744667252
0.00361238746504671
0.003715415946566789
0.003822651808041182
0.003934198710301114
0.004050152250528444
0.004170598819356613
0.004295614433378098
0.004425263558553782
0.004559597942952459
0.00469865548283511
0.004842459146421769
0.004991015987917941
0.005144316279325311
0.005302332794028849
0.005465020274319801
0.00563231511477745
0.005804135292040971
0.005980380569424163
0.006160933002212566
0.006345657766462624
0.006534404330588504
0.006727007986682643
0.00692329175272839
0.007123068653842912
0.007326144387417782
0.007532320369449843
0.007741397153955479
0.007953178209039345
0.008167474023348123
0.008384106505045348
0.008602913623500916
0.008823754224765518
0.009046512946957536
0.009271105146786352
0.009497481730221484
0.009725633786189089
0.009955596914499222
0.01018745514357828
0.01042134434201011
0.01065745504212167
0.01089603461478606
0.01113738876324601
0.01138188234057456
0.01162993953936836
0.01188204354985606
0.01213873582720415
0.01240061514141444
0.01266833659430965
0.01294261077050598
0.01322420313960218
0.01351393375331884
0.013812677174406
0.01412136247534508
0.01444097301997262
0.01477254565234186
