0.9996002224615561
0.9984035538717232
0.9964182102307053
0.9936568847640729
0.9901378888135618
0.9858697673821093
0.9808843540727066
0.9753223059619061
0.969086554424485
0.9622285740441632
0.9547969811791474
0.946837775298027
0.9383963704972061
0.9295182258421877
0.9202488009657519
0.910633255687836
0.9007160638019751
0.890540611458965
0.8801488119635621
0.8695807527961076
0.8588743744930036
0.8480652254850102
0.8371862355325569
0.8262675105494109
0.8153362543749686
0.8044166657164108
0.7935298994320592
0.7826940854980723
0.7719243671368634
0.7612329643313688
0.7506292977634109
0.7401201199062557
0.7297096596451473
0.7193997998243009
0.709190290007068
0.6990789614313695
0.6890619162243881
0.6791337639757917
0.669287807519732
0.6595164033576555
0.6498110694661181
0.6401627525183915
0.6305620507339446
0.6209994291633031
0.6114654253081482
0.6019508430567229
0.5924469242960408
0.5829455398642239
0.5734393118093549
0.5639217510957244
0.5543873584652909
0.5448317394517004
0.5352516280299436
0.5256449949612244
0.5160110404486526
0.5063501757263003
0.4966640452687734
0.4869554763451647
0.477228416140778
0.4674878665470263
0.4577397996518519
0.447991058018374
0.4382492424563355
0.4285226061493579
0.4188199247860168
0.4091503768311041
0.3995234070978324
0.3899486250107171
0.3804356672260131
0.3709940930157743
0.361633277677294
0.3523623215880891
0.343189945080536
0.3341244597795479
0.3251736712436679
0.3163448202289949
0.3076445647257214
0.2990789487144521
0.2906533715911447
0.2823726152143488
0.27424082080727
0.2662615064699586
0.2584375893312925
0.2507714123778972
0.2432647766550371
0.235918977897339
0.2287348463186545
0.2217127883122954
0.2148528287689712
0.2081546526969125
0.2016176448553124
0.1952409262286471
0.1890233864208002
0.1829637113499602
0.1770604064927487
0.1713118165630035
0.1657161406330378
0.1602714462089453
0.1549756818381461
0.1498266893275096
0.144822216011984
0.1399599271700876
0.1352374183992771
0.1306522275943138
0.1262018461214754
0.1218837288276339
0.1176953026420784
0.1136339736337336
0.1096971325286278
0.1058821587941213
0.1021864234862159
0.09860729111487571
0.0951421208031295
0.09178826699967615
0.08854307996515369
0.0854039062076451
0.08236808900604262
0.07943296913389744
0.07659588587801192
0.07385417843110015
0.07120518772325567
0.06864625874141804
0.06617474336926221
0.06378800376198765
0.06148341625137935
0.05925837575740842
0.05711030066327698
0.0550366380928262
0.05303486951299583
0.05110251657025945
0.04923714705893043
0.04743638091107602
0.04569789609218927
0.04401943428398834
0.04239880623566966
0.04083389666818491
0.03932266862295355
0.03786316715725841
0.03645352230325513
0.03509195122556021
0.03377675953272243
0.03250634171956807
0.03127918073906653
0.0300938467227628
0.02894899488675391
0.02784336267473351
0.02677576620104697
0.0257450960662029
0.02475031262594908
0.02379044080218638
0.02286456453290327
0.02197182095167698
0.02111139439401821
0.02028251031849414
0.01948442922803795
0.01871644067938328
0.01797785747631133
0.01726801015395018
0.01658624187061927
0.01593190382231625
0.01530435127592066
0.01470294028378493
0.01412702509786016
0.01357595624049277
0.01304907918575208
0.01254573356125053
0.01206525278967757
0.01160696409327114
0.0111701887934323
0.01075424284573393
0.0103584375567269
0.009982080433907888
0.00962447612525888
0.009284927410990887
0.008962736217682283
0.008657204633608926
0.008367635912577415
0.008093335461088376
0.00783361180911229
0.007587777567936072
0.007355150379604711
0.007135053862247351
0.006926818555084531
0.006729782866426608
0.006543294031534718
0.006366709084505927
0.006199395853076627
0.00604073398929966
0.005890116044978364
0.005746948602040634
0.005610653464627911
0.005480668915335644
0.005356451032763019
0.005237475061860323
0.005123236823009822
0.005013254140241685
0.004907068267592927
0.004804245282433126
0.004704377420101092
0.004607084317870108
0.004512014136186216
0.004418844525754069
0.004327283409954781
0.004237069554246216
0.004147972897543267
0.004059794625039637
0.003972366967531441
0.003885552718765118
0.00379924446937483
0.003713363563237055
0.003627858789144269
0.003542704827247442
0.003457900475582593
0.003373466686233786
0.003289444443972983
0.00320589252619641
0.003122885177645592
0.003040509739612925
0.002958864270058578
0.002878055190089716
0.002798194990177311
0.002719400026891125
0.002641788437998774
0.002565478200548163
0.002490585353120909
0.002417222399719494
0.002345496908652236
0.002275510315140281
0.002207356931063084
0.002141123159348588
0.002076886904278367
0.002014717163077429
0.001954673779469731
0.001896807337283741
0.001841159172253414
0.0017877614826629
0.001736637523572361
0.001687801873574152
0.001641260766099788
0.00159701247848197
0.001555047771425398
0.001515350370017911
0.001477897475891494
0.001442660299345621
0.001409604600463207
0.001378691229366594
0.001349876657436791
0.00132311349318493
0.001298350978227649
0.001275535460326058
0.001254610841651961
0.001235519001365034
0.001218200192292709
0.001202593412058863
0.001188636749470165
0.001176267707356523
0.001165423503398416
0.001156041350714791
0.001148058720132135
0.001141413586060738
0.001136044657783675
0.001131891597719047
0.001128895227889982
0.001126997725471034
0.001126142807924609
0.001126275907904641
0.001127344337854251
0.001129297444012089
0.001132086749357343
0.00113566608490444
0.001139991708665298
0.001145022411318031
0.0011507196078288
0.001157047413985519
0.001163972706595944
0.001171465166377902
0.001179497302468841
0.001188044457679629
0.001197084793913294
0.001206599257597219
0.001216571525530766
0.001226987932195687
0.001237837380276568
0.001249111236744693
0.001260803217516468
0.001272909264007741
0.001285427415080949
0.001298357677917275
0.001311701901085045
0.00132546365272418
0.001339648106328835
0.001354261936152609
0.001369313223830372
0.00138481137743409
0.001400767063850343
0.001417192155072683
0.001434099688726497
0.001451503842870642
0.001469419924862423
0.001487864373853567
0.001506854776343019
0.001526409894177504
0.001546549704470558
0.001567295451081616
0.001588669707490903
0.001610696451042119
0.001633401148527168
0.001656810852902163
0.00168095431055843
0.001705862078104877
0.001731566647150815
0.001758102575277982
0.001785506621386753
0.001813817884017381
0.001843077942114598
0.001873330998996102
0.001904624031831843
0.001937006950465943
0.001970532770479567
0.002005257805511121
0.002041241882476067
0.002078548580152762
0.002117245486649036
0.00215740446514554
0.002199101911214446
0.002242418980493023
0.002287441763994711
0.002334261390624689
0.002382974042260347
0.00243368087469207
0.002486487845862756
0.00254150545936987
0.002598848434951309
0.002658635318481361
0.002720988042456886
0.002786031444669425
0.002853892750584997
0.002924701023307866
0.002998586573312613
0.003075680335638688
0.003156113207093786
0.003240015341746547
0.003327515403843233
0.003418739772925345
0.00351381170245571
0.003612850429255366
0.003715970233698561
0.003823279451486995
0.00393487943947839
0.004050863500050857
0.004171315772016904
0.004296310097832713
0.00442590888121774
0.004560161953871518
0.00469910547221246
0.004842760869324555
0.004991133890109233
0.005144213739948229
0.00530197237869769
0.005464363992496432
0.005631324675652333
0.005802772353835245
0.005978606978023183
0.006158711016247063
0.006342950267280562
0.006531175017134258
0.006723221555607796
0.006918914066271313
0.007118066898992711
0.007320487229352816
0.007525978103722983
0.007734341862051256
0.00794538392214577
0.008158916899153885
0.008374765021896675
0.008592768793988648
0.008812789832870819
0.009034715805093147
0.009258465362733717
0.009483992975184751
0.009711293543948984
0.009940406686598324
0.01017142058030986
0.01040447526600558
0.01063976533165784
0.01087754191863541
0.01111811402877815
0.01136184915230801
0.01160917328596532
0.01186057046236193
0.01211658195760201
0.01237780537439087
0.01264489380154296
0.01291855522042742
0.01319955226259536
0.01348870232552875
0.01378687793577532
0.01409500712482903
0.01441407346905548
0.01474511535840364
