0.9984035538771243
0.9936565110105132
0.9858831802730182
0.975283322713361
0.962105156844721
0.9466331374843203
0.9292102857436437
0.9105236995510931
0.8905245198289943
0.8695980088213687
0.8480840639847478
0.8262697033881937
0.8043912307447161
0.7826345881700156
0.7611362644783787
0.7399856771019016
0.719229241059023
0.6988759154165559
0.6789032946657988
0.6592648993807472
0.6398976238346394
0.620728729638143
0.6016828307604086
0.5826886061820056
0.5636840217416822
0.5446208373208717
0.5254678216677606
0.5062126295208618
0.4868622891583589
0.4674424776244894
0.4479955898680319
0.4285778914030776
0.4092558938245244
0.3901024402043755
0.3711933532738686
0.3526031115906333
0.3344020702445458
0.3166537146077459
0.2994129367675156
0.2827250614244094
0.2666253207779639
0.2511391071723955
0.236283160977604
0.22206625581176
0.2084907195124234
0.1955540374153717
0.1832499722455574
0.1715692694103412
0.160500041540117
0.1500279828277024
0.1401365076320894
0.1308072793078342
0.1220205640039151
0.1137553657617049
0.1059908132748556
0.09870566537725704
0.0918784248226456
0.08548753486861219
0.07951142683338204
0.07392852064099202
0.06871732962635117
0.06385639596350713
0.05932456643500553
0.05510092556765921
0.05116509838950312
0.04749727843120964
0.04407855143936787
0.04089108632063475
0.03791820157601946
0.0351446020169601
0.03255632297270988
0.0301408643857321
0.02788719529204273
0.02578554875612462
0.02382741123040176
0.02200517780604688
0.02031239176545847
0.01874305058310897
0.01729156640053225
0.01595259153564923
0.01472107485038134
0.01359187979483079
0.01255982703495401
0.01161960610115305
0.01076579692333821
0.009992878463437839
0.009295245620007322
0.00866726439904281
0.008103289223214042
0.007597741690511447
0.007145053707349367
0.006739810637362403
0.00637671958857888
0.006050680703217281
0.005756764982010641
0.005490291830051111
0.005246845294403816
0.005022315339946014
0.004812926807544407
0.004615322754832447
0.004426556726044533
0.004244161095660604
0.004066178440228744
0.003891144105191679
0.003718103215457509
0.003546546376275815
0.003376389409793025
0.003207895504961539
0.003041625517143858
0.002878353111497869
0.002718957970830955
0.002564397345063304
0.002415616778007316
0.002273496666889761
0.002138825147351778
0.002012259238403016
0.001894311311270945
0.001785334575397675
0.001685523796620558
0.001594945203656497
0.001513540179546749
0.001441133411453321
0.001377450575548219
0.001322150487248242
0.001274836955369146
0.001235064966387811
0.001202363553860182
0.001176220535613999
0.001156118864910368
0.001141549952891496
0.001132005702998389
0.001126994773896309
0.001126045134635346
0.0011287237968183
0.001134614997219742
0.001143345575821471
0.001154594461435645
0.001168083214070187
0.001183586246369925
0.00120092584990139
0.001219973967462814
0.001240647512913615
0.001262905176037151
0.001286748560251885
0.001312221104065741
0.001339387228448795
0.001368341646880964
0.001399203424104828
0.001432106657100412
0.001467209891277099
0.001504675800240437
0.001544690403894922
0.00158746392738494
0.00163322213533729
0.001682212212374133
0.001734713486145947
0.001791043892354282
0.001851552649097062
0.001916633832684468
0.001986724130253247
0.002062300564710776
0.002143892777060498
0.002232097313464492
0.002327565436955243
0.002431008305993668
0.002543203295626214
0.002664997922077112
0.002797310182395318
0.002941127333552032
0.003097500032810147
0.003267527653486872
0.003452340640437751
0.003653072829129967
0.003870829607950216
0.004106639916783152
0.004361408053804035
0.004635860034891881
0.004930491066807347
0.00524551626010616
0.005580831097799745
0.005935987528350679
0.006310190751462378
0.006702308466796337
0.007110929319485735
0.007534410470174071
0.007970986751694728
0.008418882346070092
0.00887644436363225
0.009342287947153263
0.009815451078088348
0.01029554551818855
0.01078290392919009
0.01127871735768284
0.01178514362937835
0.0123054004610027
0.01284383753513888
0.01340596705321715
0.01399845315435159
0.01462906478440998
0.01530656945997799
0.01604056539508292
0.01684124796844109
0.0177191038798423
0.01868453508609854
0.01974741834160576
0.02091661275076769
0.02219943782907884
0.02360114994241527
0.02512445297927506
0.02676907790952548
0.02853147050758676
0.03040461981971455
0.03237805310339602
0.03443801048163152
0.03656781266049586
0.03874839365896086
0.04095899451074057
0.0431779770608527
0.04538371577084058
0.04755553325733151
0.04967461559120762
0.05172486223342863
0.05369363930645561
0.05557238702436077
0.05735705298940263
0.05904832903632828
0.06065167897119553
0.06217715244427064
0.06363899429488594
0.06505506465909426
0.06644609361115289
0.06783480231799456
0.06924493916843275
0.07070027513416945
0.07222361153842283
0.07383585339016964
0.07555519692686391
0.07739647166772529
0.07937067881659192
0.08148472830508914
0.0837413874866952
0.08613942730090123
0.08867394048866277
0.09133679867159532
0.09411720621042149
0.09700230800278857
0.09997780869318791
0.1030285640405903
0.1061391104485579
0.1092941055725705
0.1124786613067815
0.1156785600841091
0.1188803558148318
0.1220713711653101
0.1252396122875912
0.1283736295359376
0.1314623571624613
0.1344949657126822
0.1374607575598228
0.1403491290998145
0.1431496136506757
0.1458520086399288
0.1484465808850967
0.1509243359231571
0.1532773320118098
0.1554990167221744
0.1575845638363334
0.1595311900818502
0.1613384341864808
0.1630083837582014
0.1645458377388361
0.1659583932358843
0.1672564465862473
0.1684530923065626
0.1695639105934471
0.1706066329801126
0.1716006682402191
0.1725664873894395
0.173524870228224
0.1744960290830578
0.1754986399649627
0.1765488266577621
0.1776591571575359
0.178837722100105
0.1800873693067642
0.1814051660170015
0.182782150388198
0.1842034170543245
0.1856485594102534
0.1870924659183547
0.188506441644636
0.1898596022833313
0.1911204671870151
0.1922586635767016
0.1932466515616188
0.1940613689784691
0.1946857094284859
0.195109753974434
0.195331692422151
0.1953583870606602
0.1952055493195751
0.1948975168150284
0.1944666316266196
0.1939522388562666
0.1933993337820485
0.1928568991155664
0.1923759872475805
0.1920076153587777
0.1918005538702914
0.1917991000951229
0.1920409371656155
0.1925551821222602
0.1933607250304724
0.1944649521386476
0.1958629306131413
0.1975371109997028
0.199457578101044
0.2015828530578809
0.2038612212042737
0.206232533383079
0.2086304044382706
0.2109847127580819
0.213224289841021
0.2152796793837257
0.2170858416227092
0.2185846806726054
0.2197272802199516
0.2204757457751015
0.2208045692246696
0.2207014529840146
0.2201675557802639
0.219217149047003
0.2178767011327404
0.216183435080821
0.2141834335365476
0.2119293899251895
0.2094781264931042
0.2068880147450974
0.2042164398192279
0.2015174456991672
0.1988396825484116
0.1962247520172871
0.1937060135246491
0.1913078777422084
0.1890455771037625
0.1869253714609082
0.1849451234072503
0.1830951640183564
0.1813593656167704
0.1797163419008833
0.178140704775665
0.1766043188846765
0.1750775071362101
0.1735301721126572
0.1719328083293585
0.1702573885587941
0.168478114134726
0.1665720248059596
0.1645194686340367
0.1623044367118142
0.1599147710500655
0.1573422566002967
0.1545826098552516
0.1516353769003416
0.1485037535491197
0.145194339673882
0.1417168393264996
0.1380837179192248
0.1343098276705414
0.1304120126944875
0.1264087053796385
0.1223195258834707
0.1181648961719264
0.1139656786769884
0.1097428470574279
0.1055171928947419
0.1013090679589904
0.09713815773697594
0.0930232790309078
0.08898219322335038
0.08503142754223379
0.08118609924764847
0.07745974165462627
0.07386413558206473
0.07040915427401642
0.06710263313538432
0.06395027700008454
0.06095561678156234
0.05812002437067758
0.05544279021904898
0.05292126282574274
0.05055104426067162
0.04832623160026863
0.04623969126407403
0.04428335195339467
0.0424485021358431
0.04072607946817233
0.03910694171905409
0.0375821111459719
0.03614298651563887
