0.9984035538771243
0.9936565110105132
0.9858831802730182
0.9752824580688073
0.9621161780193954
0.9466944504806168
0.9293592241440533
0.9104673179925898
0.8903745220082872
0.8694200545265105
0.847914714033931
0.8261309744526009
0.8042968917441106
0.7825928132054301
0.7611508533369048
0.7400567639931831
0.7193537351547942
0.6990477682324833
0.6791140375655976
0.6595041204321834
0.6401532844740068
0.6209876668305907
0.6019312529975446
0.5829126181135739
0.5638701757399621
0.5447565597490807
0.5255418432883645
0.5062153553170011
0.4867861112042526
0.467281945175367
0.4477475555135058
0.4282415011318761
0.4088326267881503
0.3895958460561639
0.3706089293231347
0.3519480807857094
0.333685225279012
0.3158851971252031
0.2986040352647428
0.2818880189423484
0.2657731370601759
0.2502853167354289
0.2354415726812103
0.2212503817260503
0.2077130514213866
0.1948250262049208
0.1825771392540165
0.1709566067076808
0.1599479556732097
0.1495338105493845
0.1396954148737471
0.1304132706928907
0.1216672964915315
0.113436848985372
0.1057013766735742
0.09844045370451454
0.09163329603351558
0.08525903017859957
0.07929668905888466
0.0737253129764736
0.0685237708832723
0.06367115397130729
0.05914670693025378
0.05492984503830153
0.05100048947213152
0.04733908393586097
0.04392690494035428
0.04074627469140765
0.03778060806512244
0.03501466584206188
0.03243446686193391
0.03002745275095405
0.02778250489406571
0.0256897338398764
0.02374046804727576
0.02192694869994871
0.02024254942830425
0.01868109861950239
0.01723687324067058
0.01590442412883891
0.01467861981933482
0.0135543067989629
0.01252631059663568
0.01158938010528465
0.01073817028600011
0.009967249867576237
0.009271125091596711
0.008644266017562401
0.008081125718050057
0.007576212950614546
0.007124035830415573
0.006719237236212487
0.006356571560035038
0.006030974264484325
0.005737539366245555
0.005471605289172459
0.005228761243556507
0.005004905494242299
0.004796263944272995
0.004599474444862019
0.004411593105645028
0.004230142804434885
0.004053155034353163
0.003879156866680318
0.003707174590301853
0.003536689214551774
0.003367597113303135
0.003200149553458295
0.003034884663593143
0.002872564441925146
0.002714051714187425
0.002560292880295126
0.002412222605747725
0.002270714341455618
0.002136552631995211
0.002010391154302801
0.001892746480495074
0.001783973301428937
0.001684274114927501
0.001593721775519626
0.001512269081363326
0.001439749648787685
0.00137589880820772
0.001320387377137921
0.001272828313149919
0.001232787422896405
0.001199803143482963
0.001173372400786005
0.001152987275195119
0.001138147686389222
0.00112835228432687
0.001123115218908943
0.0011219718929491
0.00112449412817893
0.00113026946695816
0.00113892854800445
0.001150152586467139
0.001163664486121844
0.001179238562816433
0.00119669681588993
0.00121590996322003
0.00123679232029533
0.001259301024395637
0.001283433126846998
0.001309227165419653
0.001336742675346236
0.001366068429309864
0.001397315621958918
0.001430610727358939
0.001466102789527479
0.001503947341022557
0.001544319821480051
0.001587421175379899
0.001633467035668088
0.00168269294200333
0.001735367985672894
0.001791799493527159
0.001852328138118196
0.001917339663385459
0.001987265551659035
0.00206258104610823
0.002143812271559819
0.002231553634923649
0.00232646590051019
0.002429265662506203
0.002540739701808891
0.002661748583821571
0.002793226422305009
0.002936178603517428
0.003091675666694645
0.003260840546653188
0.003444826825708854
0.003644794378704124
0.003861872992695449
0.00409711811371856
0.004351458772518161
0.004625643850076132
0.004920188598606997
0.005235325096713989
0.005570961004334208
0.005926654732770351
0.006301612223339925
0.006694696297088774
0.007104477686961372
0.007529299001009483
0.007967366359338146
0.008416871698999146
0.008876121830622226
0.009343684670675105
0.00981854689723251
0.01030026437118757
0.01078911295384785
0.01128622067827067
0.01179368399309445
0.01231466086679539
0.01285344299490081
0.01341548991236606
0.01400741804555961
0.01463695830491291
0.01531285161215257
0.01604468401974446
0.01684265609258194
0.01771728019791747
0.01867900666581606
0.01973778316542478
0.02090256772525943
0.02218080226420832
0.02357788829240559
0.02509669341920377
0.026737125372566
0.02849581326319396
0.03036592844627393
0.03233717129101649
0.03439593686188461
0.03652567732689452
0.03870742582980391
0.04092048533253048
0.04314323840693582
0.04535403660410751
0.04753213585485886
0.04965860963100732
0.05171720308966608
0.05369508857062234
0.05558347709813586
0.0573780568978801
0.05907923667595585
0.06069218081032868
0.06222663341636588
0.06369653637796527
0.06511945920232523
0.06651586595178316
0.06790825047363107
0.06932017983627416
0.07077530012521639
0.07229635168662267
0.07390424721859483
0.07561726329717118
0.07745037997785892
0.0794148151458595
0.08151776061484119
0.08376231853017349
0.08614763903089652
0.08866922744654747
0.09131938962658391
0.0940877735064798
0.09696196425690194
0.09992809063012924
0.1029714034140951
0.1060767921961592
0.1092292135578235
0.1124140122173461
0.1156171263191583
0.1188251785531105
0.1220254652736578
0.1252058653033913
0.1283546976058923
0.1314605615007472
0.1345121937922696
0.1374983737618365
0.1404078997780615
0.1432296514077967
0.1459527399964484
0.1485667404648708
0.1510619888834429
0.1534299248571707
0.1556634549663223
0.157757313330694
0.1597083974026803
0.1615160604547206
0.1631823457453759
0.1647121500726302
0.1661133058980233
0.1673965725891253
0.1685755213627401
0.1696663054491759
0.1706873059927255
0.1716586366239509
0.172601506178574
0.1735374425538498
0.1744873938207853
0.175470737283706
0.1765042425191266
0.1776010483563287
0.1787697239635441
0.1800134886592163
0.181329662442144
0.1827094091551544
0.1841378173197836
0.1855943415021244
0.1870536016721626
0.1884865118613461
0.1898616855278178
0.1911470427208641
0.1923115338448101
0.1933268849578092
0.1941692660634186
0.1948207937094955
0.1952707877024663
0.1955167169201087
0.1955647861447025
0.1954301334496725
0.1951366248768179
0.1947162472198038
0.1942081165597499
0.1936571320634339
0.1931123157780116
0.1926248935347037
0.1922461848786716
0.1920253827685811
0.1920073150668905
0.1922302881787191
0.1927241170750924
0.1935084439242694
0.1945914387828127
0.1959689603109338
0.1976242332327489
0.1995280738548847
0.2016396672426616
0.2039078714884708
0.2062729976457712
0.2086689899223075
0.2110259108736009
0.2132726214169611
0.2153395359429801
0.2171613288650537
0.2186794706583246
0.2198444786435197
0.2206177801580891
0.2209731028721719
0.2208973282199756
0.2203907684244055
0.2194668544751269
0.2181512507219405
0.2164804404808049
0.2144998550800933
0.2122616446253958
0.2098222104917215
0.2072396347833251
0.2045711483204229
0.2018707744212002
0.1991872704872206
0.1965624642223668
0.194030048515522
0.1916148620734216
0.1893326461998678
0.1871902361537574
0.1851861217321297
0.1833112978111553
0.1815503213298096
0.1798824948640748
0.1782831059416687
0.1767246630164063
0.1751780815521392
0.1736137856040288
0.1720027007343549
0.1703171226552208
0.1685314528243753
0.166622797793207
0.1645714337911289
0.1623611420103585
0.1599794232850142
0.1574176031106327
0.1546708390704356
0.1517380428266792
0.1486217281968726
0.1453277958727219
0.1418652645328563
0.1382459578050963
0.1344841567559316
0.1305962280611363
0.1266002384812215
0.1225155665380309
0.1183625221245123
0.1141619838413197
0.1099350618370861
0.1057027908093393
0.1014858540249467
0.09730433550655176
0.09317749471322115
0.08912355674385046
0.08515951162715471
0.08130091858300756
0.07756171484806682
0.07395403308452506
0.07048803567420148
0.06717177739797198
0.06401110930337443
0.0610096355771361
0.05816873211963137
0.05548763084709171
0.0529635683179764
0.05059199197699311
0.04836681298960316
0.04628069186933977
0.04432534201130801
0.04249183666427302
0.04077090646477277
0.03915321696576179
0.03762961813218631
0.03619136014028225
